10000.0
8852.893633
7837.372567
6938.342569
6142.440875
5437.837571
4814.059761
4261.835901
3772.957991
3340.159577
2957.007745
2617.807504
2317.517138
2051.673272
1816.324524
1607.972782
1423.5212
1260.228177
1115.6666
987.687774
874.3894806
774.0877065
685.2916128
606.6813755
537.0885686
475.4787969
420.9363214
372.6504479
329.9034778
292.0600398
258.5576466
228.8983344
202.6412607
179.3961526
158.8175057
140.5994485
124.4711963
110.1930261
97.5527139
86.36237997
76.45569637
67.68541476
59.92117773
53.04758128
46.96245946
41.57536583
36.80622914
32.58416316
28.84641306
25.53742265
22.60800863
20.01462957
17.71873867
15.68621087
13.88683563
12.29386788
10.88363046
9.635162284
8.529906683
7.551435656
6.685205664
5.918341465
5.239444747
4.638424704
4.106348053
3.635306253
3.218297958
2.84912495
2.522300013
2.232965372
1.976820493
1.750058155
1.54930787
1.371585778
1.2142503
1.074962875
0.9516531989
0.8424884545
0.7458460674
0.6602895901
0.5845473508
0.517493552
0.4581315371
0.4055789768
0.3590547541
0.3178673546
0.281404588
0.2491244885
0.2205472598
0.1952481432
0.1728511044
0.1530232441
0.1354698504
0.1199300176
0.1061727689
0.09399362296
0.08321155462
0.07366630421
0.06521599555
0.05773502717
