-10.0
-6.929012346
-5.301062574
-4.292543021
-3.606425703
-3.109418283
-2.732805843
-2.437567861
-2.199902009
-2.004464286
-1.840918409
-1.702047005
-1.582657737
-1.478919631
-1.387944359
-1.307513104
-1.235893201
-1.1717119
-1.113867527
-1.061465721
-1.013772861
-0.9701815039
-0.9301843795
-0.8933545563
-0.8593301435
-0.8278023599
-0.7985061355
-0.7712126417
-0.7457233018
-0.7218649518
-0.6994859012
-0.6784527047
-0.6586474989
-0.6399657925
-0.6223146223
-0.6056110062
-0.5897806384
-0.5747567844
-0.5604793409
-0.5468940317
-0.5339517184
-0.5216078067
-0.5098217327
-0.4985565179
-0.4877783813
-0.4774564015
-0.4675622201
-0.4580697817
-0.4489551045
-0.4401960784
-0.4317722858
-0.4236648424
-0.4158562564
-0.4083303019
-0.4010719071
-0.3940670528
-0.3873026827
-0.3807666214
-0.3744475023
-0.3683347006
-0.3624182743
-0.3566889101
-0.3511378744
-0.345756969
-0.3405384907
-0.3354751943
-0.3305602591
-0.3257872587
-0.3211501323
-0.3166431594
-0.3122609361
-0.3079983537
-0.3038505786
-0.2998130342
-0.2958813839
-0.2920515155
-0.2883195274
-0.2846817144
-0.2811345564
-0.2776747062
-0.2742989798
-0.2710043457
-0.2677879167
-0.2646469409
-0.2615787941
-0.2585809721
-0.2556510847
-0.2527868483
-0.249986081
-0.247246696
-0.2445666975
-0.241944175
-0.2393772991
-0.2368643174
-0.23440355
-0.2319933864
-0.2296322815
-0.2273187525
-0.2250513759
-0.2228287841
-0.2206496634
-0.2185127506
-0.2164168313
-0.2143607371
-0.2123433436
-0.2103635682
-0.2084203686
-0.2065127403
-0.2046397156
-0.2028003613
-0.2009937777
-0.1992190966
-0.1974754805
-0.1957621207
-0.1940782364
-0.1924230736
-0.1907959036
-0.1891960222
-0.1876227487
-0.1860754248
-0.1845534136
-0.1830560992
-0.1815828851
-0.1801331943
-0.1787064677
-0.177302164
-0.1759197586
-0.1745587435
-0.1732186258
-0.171898928
-0.1705991869
-0.1693189532
-0.1680577909
-0.1668152772
-0.1655910013
-0.1643845647
-0.1631955803
-0.1620236721
-0.1608684748
-0.1597296336
-0.1586068035
-0.1574996492
-0.1564078448
-0.1553310731
-0.1542690259
-0.1532214032
-0.1521879131
-0.1511682715
-0.1501622019
-0.1491694352
-0.1481897092
-0.1472227687
-0.146268365
-0.1453262558
-0.1443962052
-0.143477983
-0.1425713651
-0.1416761328
-0.140792073
-0.1399189779
-0.1390566447
-0.1382048756
-0.1373634778
-0.136532263
-0.1357110473
-0.1348996515
-0.1340979004
-0.1333056232
-0.1325226528
-0.1317488263
-0.1309839844
-0.1302279715
-0.1294806356
-0.1287418282
-0.1280114041
-0.1272892215
-0.1265751417
-0.1258690289
-0.1251707507
-0.1244801774
-0.1237971822
-0.1231216409
-0.1224534322
-0.1217924375
-0.1211385404
-0.1204916273
-0.1198515869
-0.1192183102
-0.1185916907
-0.1179716238
-0.1173580073
-0.1167507411
-0.1161497271
-0.1155548693
-0.1149660735
-0.1143832476
-0.1138063012
-0.1132351458
-0.1126696946
-0.1121098627
-0.1115555666
-0.1110067247
-0.1104632568
-0.1099250845
-0.1093921306
-0.1088643197
-0.1083415776
-0.1078238317
-0.1073110107
-0.1068030447
-0.1062998651
-0.1058014044
-0.1053075967
-0.1048183771
-0.1043336819
-0.1038534487
-0.1033776161
-0.1029061239
-0.1024389131
-0.1019759255
-0.1015171042
-0.1010623931
-0.1006117373
-0.1001650828
-0.09972237646
-0.09928356625
-0.09884860093
-0.09841743019
-0.09799000458
-0.09756627553
-0.09714619529
-0.09672971692
-0.0963167943
-0.09590738209
-0.09550143571
-0.09509891134
-0.09469976589
-0.09430395699
-0.09391144297
-0.09352218288
-0.09313613641
-0.09275326392
-0.09237352645
-0.09199688563
-0.09162330374
-0.09125274368
-0.09088516892
-0.09052054353
-0.09015883215
-0.0898
-0.08944401283
-0.08909083694
-0.08874043916
-0.08839278683
-0.08804784783
-0.0877055905
-0.08736598369
-0.08702899674
-0.08669459945
-0.08636276207
-0.08603345533
-0.08570665038
-0.08538231882
-0.08506043269
-0.08474096442
-0.08442388688
-0.08410917333
-0.08379679743
-0.08348673323
-0.08317895517
-0.08287343805
-0.08257015705
-0.08226908771
-0.08197020593
-0.08167348795
-0.08137891036
-0.08108645007
-0.08079608436
-0.08050779079
-0.08022154726
-0.07993733198
-0.07965512347
-0.07937490056
-0.07909664236
-0.07882032827
-0.078545938
-0.07827345153
-0.0780028491
-0.07773411125
-0.07746721877
-0.07720215272
-0.07693889441
-0.07667742541
-0.07641772755
-0.07615978289
-0.07590357372
-0.07564908261
-0.07539629232
-0.07514518585
-0.07489574646
-0.07464795757
-0.07440180288
-0.07415726626
-0.07391433181
-0.07367298384
-0.07343320686
-0.07319498557
-0.0729583049
-0.07272314993
-0.07248950597
-0.0722573585
-0.07202669319
-0.07179749588
-0.07156975261
-0.07134344959
-0.07111857319
-0.07089510997
-0.07067304665
-0.07045237012
-0.07023306742
-0.07001512576
-0.06979853252
-0.06958327522
-0.06936934153
-0.06915671929
-0.06894539647
-0.06873536121
-0.06852660175
-0.06831910653
-0.06811286408
-0.0679078631
-0.0677040924
-0.06750154096
-0.06730019785
-0.06710005231
-0.06690109366
-0.0667033114
-0.06650669511
-0.06631123451
-0.06611691945
-0.06592373989
-0.06573168589
-0.06554074766
-0.0653509155
-0.06516217981
-0.06497453114
-0.06478796012
-0.06460245748
-0.06441801409
-0.06423462089
-0.06405226893
-0.06387094939
-0.0636906535
-0.06351137264
-0.06333309824
-0.06315582187
-0.06297953516
-0.06280422984
-0.06262989776
-0.06245653081
-0.06228412102
-0.06211266047
-0.06194214135
-0.06177255593
-0.06160389655
-0.06143615566
-0.06126932576
-0.06110339947
-0.06093836946
-0.06077422848
-0.06061096937
-0.06044858505
-0.06028706849
-0.06012641277
-0.05996661102
-0.05980765645
-0.05964954233
-0.05949226203
-0.05933580896
-0.05918017662
-0.05902535856
-0.0588713484
-0.05871813985
-0.05856572666
-0.05841410265
-0.0582632617
-0.05811319778
-0.05796390488
-0.05781537709
-0.05766760853
-0.0575205934
-0.05737432595
-0.05722880049
-0.05708401139
-0.05693995308
-0.05679662003
-0.05665400679
-0.05651210794
-0.05637091813
-0.05623043206
-0.05609064448
-0.05595155019
-0.05581314406
-0.05567542098
-0.0555383759
-0.05540200385
-0.05526629987
-0.05513125906
-0.05499687657
-0.05486314761
-0.05473006741
-0.05459763127
-0.05446583452
-0.05433467254
-0.05420414076
-0.05407423465
-0.05394494972
-0.05381628152
-0.05368822566
-0.05356077776
-0.05343393352
-0.05330768865
-0.05318203892
-0.05305698012
-0.0529325081
-0.05280861874
-0.05268530796
-0.0525625717
-0.05244040598
-0.0523188068
-0.05219777026
-0.05207729244
-0.0519573695
-0.0518379976
-0.05171917295
-0.05160089181
-0.05148315045
-0.05136594518
-0.05124927235
-0.05113312835
-0.05101750957
-0.05090241248
-0.05078783354
-0.05067376927
-0.0505602162
-0.05044717091
-0.05033463
-0.0502225901
-0.05011104787
-0.05
