0.1 0.229123 9.63286 10
0.157641 0.228946 5.97657 6.34353
0.215282 0.228689 4.27838 4.64507
0.272923 0.228354 3.29769 3.66404
0.330564 0.227941 2.6592 3.02513
0.388204 0.22745 2.21053 2.57597
0.445845 0.226881 1.87808 2.24293
0.503486 0.226236 1.62196 1.98615
0.561127 0.225514 1.41867 1.78213
0.618768 0.224718 1.25348 1.61611
0.676409 0.223848 1.11665 1.4784
0.73405 0.222904 1.00152 1.36231
0.791691 0.221888 0.90337 1.26312
0.849332 0.220801 0.818759 1.1774
0.906973 0.219644 0.745115 1.10257
0.964613 0.218418 0.680484 1.03669
1.02225 0.217126 0.623352 0.978234
1.0799 0.215767 0.572528 0.926012
1.13754 0.214344 0.527061 0.87909
1.19518 0.212858 0.486185 0.836694
1.25282 0.211311 0.449273 0.798199
1.31046 0.209705 0.415809 0.763091
1.3681 0.20804 0.385363 0.730941
1.42574 0.20632 0.357574 0.70139
1.48338 0.204545 0.332138 0.674136
1.54102 0.202717 0.308795 0.648921
1.59866 0.200839 0.287323 0.625524
1.6563 0.198912 0.26753 0.603755
1.71395 0.196937 0.24925 0.583448
1.77159 0.194918 0.232338 0.564465
1.82923 0.192856 0.216667 0.546678
1.88687 0.190752 0.202125 0.529978
1.94451 0.18861 0.188614 0.514268
2.00215 0.18643 0.176047 0.499463
2.05979 0.184215 0.164345 0.485486
2.11743 0.181967 0.153439 0.472271
2.17507 0.179688 0.143266 0.459755
2.23271 0.17738 0.133769 0.447886
2.29035 0.175045 0.124899 0.436614
2.34799 0.172684 0.116609 0.425896
2.40564 0.1703 0.108858 0.41569
2.46328 0.167896 0.101607 0.405963
2.52092 0.165472 0.0948213 0.396681
2.57856 0.163031 0.0884698 0.387813
2.6362 0.160574 0.0825229 0.379334
2.69384 0.158104 0.076954 0.371217
2.75148 0.155622 0.0717384 0.363441
2.80912 0.15313 0.0668534 0.355983
2.86676 0.150631 0.0622778 0.348826
2.9244 0.148125 0.0579922 0.34195
2.98204 0.145614 0.0539785 0.335341
3.03969 0.1431 0.0502198 0.328981
3.09733 0.140586 0.0467004 0.322859
3.15497 0.138071 0.0434059 0.31696
3.21261 0.135559 0.0403225 0.311273
3.27025 0.133051 0.0374376 0.305787
3.32789 0.130547 0.0347391 0.300491
3.38553 0.12805 0.0322159 0.295375
3.44317 0.125561 0.0298576 0.29043
3.50081 0.123081 0.0276543 0.285648
3.55845 0.120612 0.0255968 0.281021
3.61609 0.118154 0.0236763 0.276542
3.67374 0.115709 0.0218848 0.272202
3.73138 0.113279 0.0202144 0.267997
3.78902 0.110865 0.0186579 0.26392
3.84666 0.108466 0.0172085 0.259966
3.9043 0.106086 0.0158598 0.256128
3.96194 0.103724 0.0146055 0.252402
4.01958 0.101381 0.01344 0.248782
4.07722 0.0990586 0.0123578 0.245265
4.13486 0.0967576 0.0113538 0.241846
4.1925 0.0944785 0.0104231 0.238521
4.25014 0.0922222 0.00956111 0.235286
4.30779 0.0899891 0.00876351 0.232138
4.36543 0.0877804 0.00802619 0.229073
4.42307 0.0855966 0.00734526 0.226087
4.48071 0.0834381 0.00671706 0.223179
4.53835 0.0813054 0.00613814 0.220344
4.59599 0.0791991 0.00560521 0.217581
4.65363 0.0771196 0.0051152 0.214886
4.71127 0.0750672 0.00466517 0.212257
4.76891 0.0730424 0.00425238 0.209692
4.82655 0.0710454 0.00387423 0.207187
4.88419 0.0690765 0.00352826 0.204742
4.94184 0.0671356 0.00321216 0.202354
4.99948 0.0652236 0.00292377 0.200021
5.05712 0.0633402 0.00266105 0.197741
5.11476 0.0614857 0.00242206 0.195513
5.1724 0.0596599 0.002205 0.193334
5.23004 0.0578631 0.00200818 0.191203
5.28768 0.0560952 0.00183 0.189119
5.34532 0.0543562 0.00166899 0.18708
5.40296 0.052646 0.00152373 0.185084
5.4606 0.0509645 0.00139294 0.18313
5.51824 0.0493117 0.00127538 0.181217
5.57589 0.047687 0.00116993 0.179344
5.63353 0.046091 0.00107553 0.177509
5.69117 0.044523 0.000991199 0.175711
5.74881 0.042983 0.000916027 0.173949
5.80645 0.0414705 0.00084917 0.172222
5.86409 0.0399855 0.000789848 0.170529
5.92173 0.0385276 0.000737337 0.16887
5.97937 0.0370964 0.000690972 0.167242
6.03701 0.0356918 0.000650139 0.165645
6.09465 0.0343133 0.000614274 0.164078
6.15229 0.0329606 0.000582859 0.162541
6.20993 0.0316334 0.000555422 0.161032
6.26758 0.030331 0.00053153 0.159551
6.32522 0.0290536 0.00051079 0.158097
6.38286 0.0278004 0.000492845 0.15667
6.4405 0.0265712 0.000477371 0.155267
6.49814 0.0253655 0.000464076 0.15389
6.55578 0.0241829 0.000452695 0.152537
6.61342 0.023023 0.000442994 0.151208
6.67106 0.0218855 0.000434757 0.149901
6.7287 0.0207697 0.000427795 0.148617
6.78634 0.0196755 0.000421938 0.147355
6.84398 0.0186023 0.000417031 0.146114
6.90163 0.0175496 0.000412939 0.144893
6.95927 0.0165173 0.000409544 0.143693
7.01691 0.0155048 0.000406747 0.142513
7.07455 0.0145117 0.000404455 0.141352
7.13219 0.0135377 0.000402592 0.140209
7.18983 0.0125823 0.000401088 0.139085
7.24747 0.0116451 0.000399882 0.137979
7.30511 0.0107257 0.000398923 0.13689
7.36275 0.00982383 0.000398168 0.135819
7.42039 0.00893904 0.000397578 0.134764
7.47803 0.00807097 0.000397122 0.133725
7.53568 0.00721912 0.000396774 0.132702
7.59332 0.00638344 0.000396511 0.131695
7.65096 0.00556342 0.000396317 0.130703
7.7086 0.00475874 0.000396177 0.129725
7.76624 0.00396905 0.000396077 0.128762
7.82388 0.00319404 0.00039601 0.127814
7.88152 0.00243338 0.000395965 0.126879
7.93916 0.00168678 0.000395935 0.125958
7.9968 0.000953926 0.000395913 0.12505
8.05444 0.000234527 0.000395904 0.124155
8.11208 -0.000471704 0.000395904 0.123273
8.16973 -0.00116517 0.000395904 0.122403
8.22737 -0.00184589 0.000395904 0.121546
8.28501 -0.00251426 0.000395904 0.1207
8.34265 -0.00317054 0.000395904 0.119866
8.40029 -0.00381499 0.000395904 0.119044
8.45793 -0.00444783 0.000395904 0.118232
8.51557 -0.00506933 0.000395904 0.117432
8.57321 -0.0056797 0.000395904 0.116642
8.63085 -0.00627918 0.000395904 0.115863
8.68849 -0.00686798 0.000395904 0.115095
8.74613 -0.00744633 0.000395904 0.114336
8.80378 -0.00801453 0.000395904 0.113588
8.86142 -0.00857259 0.000395904 0.112849
8.91906 -0.00912081 0.000395904 0.112119
8.9767 -0.00965939 0.000395904 0.1114
9.03434 -0.0101885 0.000395904 0.110689
9.09198 -0.0107084 0.000395904 0.109987
9.14962 -0.0112191 0.000395904 0.109294
9.20726 -0.011721 0.000395904 0.10861
9.2649 -0.0122141 0.000395904 0.107934
9.32254 -0.0126986 0.000395904 0.107267
9.38018 -0.0131747 0.000395904 0.106608
9.43783 -0.0136427 0.000395904 0.105957
9.49547 -0.0141025 0.000395904 0.105313
9.55311 -0.0145543 0.000395904 0.104678
9.61075 -0.0149983 0.000395904 0.10405
9.66839 -0.0154348 0.000395904 0.10343
9.72603 -0.0158637 0.000395904 0.102817
9.78367 -0.0162852 0.000395904 0.102211
9.84131 -0.0166995 0.000395904 0.101612
9.89895 -0.0171067 0.000395904 0.101021
9.95659 -0.017507 0.000395904 0.100436
10.0142 -0.0179002 0.000395904 0.0998582
10.0719 -0.0182873 0.000395904 0.0992861
10.1295 -0.0186671 0.000395904 0.0987216
10.1872 -0.0190412 0.000395904 0.0981624
10.2448 -0.0194082 0.000395904 0.0976105
10.3024 -0.019769 0.000395904 0.0970648
10.3601 -0.0201242 0.000395904 0.0965242
10.4177 -0.0204728 0.000395904 0.0959905
10.4754 -0.0208161 0.000395904 0.0954617
10.533 -0.021153 0.000395904 0.0949397
10.5906 -0.0214842 0.000395904 0.0944234
10.6483 -0.0218103 0.000395904 0.0939117
10.7059 -0.0221304 0.000395904 0.0934064
10.7636 -0.0224455 0.000395904 0.0929057
10.8212 -0.0227548 0.000395904 0.0924112
10.8788 -0.0230589 0.000395904 0.0919219
10.9365 -0.0233583 0.000395904 0.0914369
10.9941 -0.0236521 0.000395904 0.0909579
11.0518 -0.0239414 0.000395904 0.090483
11.1094 -0.0242254 0.000395904 0.0900139
11.1671 -0.024505 0.000395904 0.0895488
11.2247 -0.0247794 0.000395904 0.0890892
11.2823 -0.0250491 0.000395904 0.0886344
11.34 -0.0253147 0.000395904 0.0881834
11.3976 -0.0255754 0.000395904 0.0877378
11.4553 -0.025832 0.000395904 0.0872958
11.5129 -0.0260838 0.000395904 0.0868591
11.5705 -0.0263314 0.000395904 0.0864267
11.6282 -0.0265751 0.000395904 0.0859978
11.6858 -0.0268142 0.000395904 0.0855739
11.7435 -0.0270497 0.000395904 0.0851535
11.8011 -0.0272807 0.000395904 0.0847379
11.8587 -0.0275078 0.000395904 0.0843263
11.9164 -0.0277313 0.000395904 0.083918
11.974 -0.0279506 0.000395904 0.0835143
12.0317 -0.0281664 0.000395904 0.0831138
12.0893 -0.0283782 0.000395904 0.0827178
12.1469 -0.0285863 0.000395904 0.0823255
12.2046 -0.0287911 0.000395904 0.0819363
12.2622 -0.0289919 0.000395904 0.0815514
12.3199 -0.0291896 0.000395904 0.0811695
12.3775 -0.0293835 0.000395904 0.0807918
12.4352 -0.0295743 0.000395904 0.0804169
12.4928 -0.0297615 0.000395904 0.0800461
12.5504 -0.0299452 0.000395904 0.0796787
12.6081 -0.0301261 0.000395904 0.0793141
12.6657 -0.0303034 0.000395904 0.0789534
12.7234 -0.0304778 0.000395904 0.0785953
12.781 -0.0306487 0.000395904 0.0782411
12.8386 -0.0308166 0.000395904 0.0778901
12.8963 -0.0309817 0.000395904 0.0775416
12.9539 -0.0311435 0.000395904 0.0771968
13.0116 -0.0313026 0.000395904 0.0768545
13.0692 -0.0314585 0.000395904 0.0765158
13.1268 -0.0316115 0.000395904 0.07618
13.1845 -0.0317619 0.000395904 0.0758466
13.2421 -0.0319092 0.000395904 0.0755167
13.2998 -0.032054 0.000395904 0.0751891
13.3574 -0.0321958 0.000395904 0.0748649
13.415 -0.0323348 0.000395904 0.0745434
13.4727 -0.0324714 0.000395904 0.0742242
13.5303 -0.0326051 0.000395904 0.0739082
13.588 -0.0327365 0.000395904 0.0735943
13.6456 -0.032865 0.000395904 0.0732837
13.7033 -0.0329911 0.000395904 0.0729751
13.7609 -0.0331146 0.000395904 0.0726697
13.8185 -0.0332355 0.000395904 0.0723668
13.8762 -0.0333541 0.000395904 0.0720658
13.9338 -0.0334701 0.000395904 0.0717679
13.9915 -0.0335839 0.000395904 0.071472
14.0491 -0.0336951 0.000395904 0.0711789
14.1067 -0.0338039 0.000395904 0.0708883
14.1644 -0.0339105 0.000395904 0.0705995
14.222 -0.0340147 0.000395904 0.0703136
14.2797 -0.0341167 0.000395904 0.0700295
14.3373 -0.0342163 0.000395904 0.0697481
14.3949 -0.0343136 0.000395904 0.069469
14.4526 -0.0344089 0.000395904 0.0691917
14.5102 -0.0345018 0.000395904 0.068917
14.5679 -0.0345926 0.000395904 0.0686441
14.6255 -0.0346811 0.000395904 0.0683737
14.6831 -0.0347675 0.000395904 0.0681055
14.7408 -0.0348519 0.000395904 0.0678389
14.7984 -0.0349341 0.000395904 0.0675749
14.8561 -0.0350143 0.000395904 0.0673124
14.9137 -0.0350922 0.000395904 0.0670524
14.9714 -0.0351683 0.000395904 0.066794
15.029 -0.0352421 0.000395904 0.066538
15.0866 -0.035314 0.000395904 0.066284
15.1443 -0.0353839 0.000395904 0.0660314
15.2019 -0.0354517 0.000395904 0.0657813
15.2596 -0.0355177 0.000395904 0.0655325
15.3172 -0.0355816 0.000395904 0.0652861
15.3748 -0.0356435 0.000395904 0.0650415
15.4325 -0.0357036 0.000395904 0.0647983
15.4901 -0.0357616 0.000395904 0.0645574
15.5478 -0.0358178 0.000395904 0.0643178
15.6054 -0.0358721 0.000395904 0.0640804
15.663 -0.0359244 0.000395904 0.0638447
15.7207 -0.0359749 0.000395904 0.0636104
15.7783 -0.0360235 0.000395904 0.0633782
15.836 -0.0360702 0.000395904 0.0631473
15.8936 -0.0361151 0.000395904 0.0629184
15.9512 -0.0361581 0.000395904 0.0626912
16.0089 -0.0361993 0.000395904 0.0624653
16.0665 -0.0362386 0.000395904 0.0622413
16.1242 -0.0362762 0.000395904 0.0620186
16.1818 -0.0363119 0.000395904 0.0617978
16.2395 -0.0363458 0.000395904 0.0615783
16.2971 -0.0363779 0.000395904 0.0613606
16.3547 -0.0364082 0.000395904 0.0611445
16.4124 -0.0364368 0.000395904 0.0609295
16.47 -0.0364635 0.000395904 0.0607165
16.5277 -0.0364885 0.000395904 0.0605045
16.5853 -0.0365117 0.000395904 0.0602944
16.6429 -0.0365331 0.000395904 0.0600857
16.7006 -0.0365528 0.000395904 0.0598781
16.7582 -0.0365707 0.000395904 0.0596723
16.8159 -0.0365868 0.000395904 0.0594675
16.8735 -0.0366012 0.000395904 0.0592645
16.9311 -0.0366138 0.000395904 0.0590629
16.9888 -0.0366247 0.000395904 0.0588623
17.0464 -0.0366339 0.000395904 0.0586634
17.1041 -0.0366413 0.000395904 0.0584655
17.1617 -0.036647 0.000395904 0.0582693
17.2193 -0.0366509 0.000395904 0.0580744
17.277 -0.0366531 0.000395904 0.0578804
17.3346 -0.0366535 0.000395904 0.0576881
17.3923 -0.0366522 0.000395904 0.0574967
17.4499 -0.0366492 0.000395904 0.0573069
17.5076 -0.0366444 0.000395904 0.0571181
17.5652 -0.0366379 0.000395904 0.0569307
17.6228 -0.0366296 0.000395904 0.0567447
17.6805 -0.0366196 0.000395904 0.0565595
17.7381 -0.0366079 0.000395904 0.0563758
17.7958 -0.0365944 0.000395904 0.056193
17.8534 -0.0365791 0.000395904 0.0560117
17.911 -0.0365621 0.000395904 0.0558316
17.9687 -0.0365433 0.000395904 0.0556523
18.0263 -0.0365228 0.000395904 0.0554745
18.084 -0.0365005 0.000395904 0.0552975
18.1416 -0.0364765 0.000395904 0.0551219
18.1992 -0.0364506 0.000395904 0.0549475
18.2569 -0.036423 0.000395904 0.0547738
18.3145 -0.0363936 0.000395904 0.0546015
18.3722 -0.0363624 0.000395904 0.0544301
18.4298 -0.0363294 0.000395904 0.0542599
18.4874 -0.0362947 0.000395904 0.0540909
18.5451 -0.036258 0.000395904 0.0539226
18.6027 -0.0362196 0.000395904 0.0537556
18.6604 -0.0361793 0.000395904 0.0535894
18.718 -0.0361373 0.000395904 0.0534245
18.7757 -0.0360933 0.000395904 0.0532603
18.8333 -0.0360475 0.000395904 0.0530974
18.8909 -0.0359999 0.000395904 0.0529355
18.9486 -0.0359504 0.000395904 0.0527743
19.0062 -0.035899 0.000395904 0.0526144
19.0639 -0.0358457 0.000395904 0.0524552
19.1215 -0.0357905 0.000395904 0.0522972
19.1791 -0.0357335 0.000395904 0.0521401
19.2368 -0.0356744 0.000395904 0.0519837
19.2944 -0.0356134 0.000395904 0.0518285
19.3521 -0.0355505 0.000395904 0.051674
19.4097 -0.0354856 0.000395904 0.0515206
19.4673 -0.0354188 0.000395904 0.0513682
19.525 -0.0353499 0.000395904 0.0512164
19.5826 -0.0352791 0.000395904 0.0510657
19.6403 -0.0352061 0.000395904 0.0509157
19.6979 -0.0351313 0.000395904 0.0507668
19.7555 -0.0350543 0.000395904 0.0506188
19.8132 -0.0349752 0.000395904 0.0504714
19.8708 -0.0348941 0.000395904 0.0503251
19.9285 -0.0348108 0.000395904 0.0501794
19.9861 -0.0347255 0.000395904 0.0500348
20.0437 -0.0346381 0.000395904 0.049891
20.1014 -0.0345484 0.000395904 0.0497478
20.159 -0.0344566 0.000395904 0.0496056
20.2167 -0.0343625 0.000395904 0.0494641
20.2743 -0.0342663 0.000395904 0.0493235
20.332 -0.0341677 0.000395904 0.0491836
20.3896 -0.034067 0.000395904 0.0490446
20.4472 -0.033964 0.000395904 0.0489065
20.5049 -0.0338585 0.000395904 0.0487688
20.5625 -0.0337509 0.000395904 0.0486322
20.6202 -0.0336408 0.000395904 0.0484961
20.6778 -0.0335284 0.000395904 0.048361
20.7354 -0.0334137 0.000395904 0.0482267
20.7931 -0.0332963 0.000395904 0.0480929
20.8507 -0.0331766 0.000395904 0.04796
20.9084 -0.0330543 0.000395904 0.0478277
20.966 -0.0329296 0.000395904 0.0476963
21.0236 -0.0328024 0.000395904 0.0475656
21.0813 -0.0326724 0.000395904 0.0474354
21.1389 -0.03254 0.000395904 0.0473062
21.1966 -0.0324048 0.000395904 0.0471774
21.2542 -0.0322671 0.000395904 0.0470495
21.3118 -0.0321267 0.000395904 0.0469224
21.3695 -0.0319834 0.000395904 0.0467957
21.4271 -0.0318375 0.000395904 0.0466699
21.4848 -0.0316885 0.000395904 0.0465445
21.5424 -0.031537 0.000395904 0.0464201
21.6001 -0.0313823 0.000395904 0.0462961
21.6577 -0.031225 0.000395904 0.046173
21.7153 -0.0310647 0.000395904 0.0460505
21.773 -0.0309011 0.000395904 0.0459284
21.8306 -0.0307348 0.000395904 0.0458073
21.8883 -0.0305652 0.000395904 0.0456865
21.9459 -0.0303927 0.000395904 0.0455666
22.0035 -0.030217 0.000395904 0.0454473
22.0612 -0.0300378 0.000395904 0.0453284
22.1188 -0.0298557 0.000395904 0.0452104
22.1765 -0.02967 0.000395904 0.0450928
22.2341 -0.0294812 0.000395904 0.044976
22.2917 -0.0292891 0.000395904 0.0448597
22.3494 -0.0290932 0.000395904 0.0447439
22.407 -0.0288941 0.000395904 0.0446289
22.4647 -0.0286911 0.000395904 0.0445143
22.5223 -0.0284849 0.000395904 0.0444004
22.5799 -0.028275 0.000395904 0.0442872
22.6376 -0.0280611 0.000395904 0.0441743
22.6952 -0.0278437 0.000395904 0.0440622
22.7529 -0.0276222 0.000395904 0.0439504
22.8105 -0.0273972 0.000395904 0.0438395
22.8682 -0.0271678 0.000395904 0.0437288
22.9258 -0.0269348 0.000395904 0.043619
22.9834 -0.0266978 0.000395904 0.0435097
23.0411 -0.0264562 0.000395904 0.0434007
23.0987 -0.0262108 0.000395904 0.0432925
23.1564 -0.0259607 0.000395904 0.0431846
23.214 -0.0257068 0.000395904 0.0430775
23.2716 -0.0254484 0.000395904 0.0429708
23.3293 -0.0251851 0.000395904 0.0428646
23.3869 -0.0249177 0.000395904 0.042759
23.4446 -0.0246452 0.000395904 0.0426537
23.5022 -0.0243685 0.000395904 0.0425492
23.5598 -0.0240871 0.000395904 0.0424452
23.6175 -0.0238002 0.000395904 0.0423415
23.6751 -0.023509 0.000395904 0.0422385
23.7328 -0.0232121 0.000395904 0.0421358
23.7904 -0.0229107 0.000395904 0.0420338
23.848 -0.0226041 0.000395904 0.0419322
23.9057 -0.0222917 0.000395904 0.041831
23.9633 -0.0219745 0.000395904 0.0417305
24.021 -0.0216512 0.000395904 0.0416302
24.0786 -0.0213229 0.000395904 0.0415307
24.1363 -0.0209883 0.000395904 0.0414314
24.1939 -0.0206486 0.000395904 0.0413327
24.2515 -0.020303 0.000395904 0.0412346
24.3092 -0.0199508 0.000395904 0.0411367
24.3668 -0.0195932 0.000395904 0.0410394
24.4245 -0.0192287 0.000395904 0.0409425
24.4821 -0.0188586 0.000395904 0.0408462
24.5397 -0.0184821 0.000395904 0.0407503
24.5974 -0.0180984 0.000395904 0.0406547
24.655 -0.0177087 0.000395904 0.0405597
24.7127 -0.0173115 0.000395904 0.040465
24.7703 -0.0169081 0.000395904 0.0403709
24.8279 -0.0164978 0.000395904 0.0402773
24.8856 -0.0160795 0.000395904 0.0401839
24.9432 -0.0156546 0.000395904 0.0400911
25.0009 -0.0152216 0.000395904 0.0399986
25.0585 -0.0147818 0.000395904 0.0399066
25.1161 -0.0143343 0.000395904 0.0398151
25.1738 -0.0138781 0.000395904 0.0397238
25.2314 -0.0134147 0.000395904 0.0396332
25.2891 -0.0129423 0.000395904 0.0395427
25.3467 -0.0124624 0.000395904 0.0394529
25.4044 -0.0119732 0.000395904 0.0393633
25.462 -0.0114762 0.000395904 0.0392742
25.5196 -0.0109703 0.000395904 0.0391856
25.5773 -0.0104546 0.000395904 0.0390972
25.6349 -0.00993059 0.000395904 0.0390093
25.6926 -0.0093963 0.000395904 0.0389217
25.7502 -0.0088534 0.000395904 0.0388346
25.8078 -0.00830077 0.000395904 0.038748
25.8655 -0.00773723 0.000395904 0.0386615
25.9231 -0.00716453 0.000395904 0.0385756
25.9808 -0.00658048 0.000395904 0.03849
25.9808 -0.00658048 0.000395904 0.03849
