0 0.000395904
0.314159 0.0127913
0.628319 0.0016131
0.942478 0.000202939
1.25664 1.28907e-05
1.5708 4.0257e-07
1.88496 3.72024e-07
2.19911 2.25544e-08
2.51327 -1.45206e-08
2.82743 -6.18247e-10
2.84483 -4.43843e-10
2.53283 -1.31533e-08
2.22144 1.17568e-08
1.91096 3.37914e-07
1.6019 3.98903e-07
1.29531 8.35927e-06
0.993459 0.000138595
0.702481 0.00101622
0.444288 0.00511681
0.314159 0.0127913
0.444288 0.00511681
0.702481 0.00101622
0.993459 0.000138595
1.29531 8.35927e-06
1.6019 3.98903e-07
1.91096 3.37914e-07
2.22144 1.17568e-08
2.53283 -1.31533e-08
2.84483 -4.43843e-10
2.89641 -1.22377e-10
2.59062 -9.19515e-09
2.28711 -9.46995e-09
1.98692 2.32302e-07
1.6918 4.57472e-07
1.40496 2.08358e-06
1.13272 4.37288e-05
0.888577 0.000298221
0.702481 0.00101622
0.628319 0.0016131
0.702481 0.00101622
0.888577 0.000298221
1.13272 4.37288e-05
1.40496 2.08358e-06
1.6918 4.57472e-07
1.98692 2.32302e-07
2.28711 -9.46995e-09
2.59062 -9.19515e-09
2.89641 -1.22377e-10
2.98038 2.49939e-11
2.68418 -4.16946e-09
2.39257 -1.9759e-08
2.10744 8.95885e-08
1.83185 4.30972e-07
1.5708 4.0257e-07
1.33286 5.33548e-06
1.13272 4.37288e-05
0.993459 0.000138595
0.942478 0.000202939
0.993459 0.000138595
1.13272 4.37288e-05
1.33286 5.33548e-06
1.5708 4.0257e-07
1.83185 4.30972e-07
2.10744 8.95885e-08
2.39257 -1.9759e-08
2.68418 -4.16946e-09
2.98038 2.49939e-11
2.80993 -8.36349e-10
2.53283 -1.31533e-08
2.26543 -4.04264e-09
2.0116 1.99083e-07
1.77715 4.67267e-07
1.5708 4.0257e-07
1.40496 2.08358e-06
1.29531 8.35927e-06
1.25664 1.28907e-05
1.29531 8.35927e-06
1.40496 2.08358e-06
1.5708 4.0257e-07
1.77715 4.67267e-07
2.0116 1.99083e-07
2.26543 -4.04264e-09
2.53283 -1.31533e-08
2.80993 -8.36349e-10
2.96377 1.7226e-11
2.7025 -3.4519e-09
2.45366 -1.819e-08
2.22144 1.17568e-08
2.0116 1.99083e-07
1.83185 4.30972e-07
1.6918 4.57472e-07
1.6019 3.98903e-07
1.5708 4.0257e-07
1.6019 3.98903e-07
1.6918 4.57472e-07
1.83185 4.30972e-07
2.0116 1.99083e-07
2.22144 1.17568e-08
2.45366 -1.819e-08
2.7025 -3.4519e-09
2.96377 1.7226e-11
2.89641 -1.22377e-10
2.66573 -4.98222e-09
2.45366 -1.819e-08
2.26543 -4.04264e-09
2.10744 8.95885e-08
1.98692 2.32302e-07
1.91096 3.37914e-07
1.88496 3.72024e-07
1.91096 3.37914e-07
1.98692 2.32302e-07
2.10744 8.95885e-08
2.26543 -4.04264e-09
2.45366 -1.819e-08
2.66573 -4.98222e-09
2.89641 -1.22377e-10
2.89641 -1.22377e-10
2.7025 -3.4519e-09
2.53283 -1.31533e-08
2.39257 -1.9759e-08
2.28711 -9.46995e-09
2.22144 1.17568e-08
2.19911 2.25544e-08
2.22144 1.17568e-08
2.28711 -9.46995e-09
2.39257 -1.9759e-08
2.53283 -1.31533e-08
2.7025 -3.4519e-09
2.89641 -1.22377e-10
2.96377 1.7226e-11
2.80993 -8.36349e-10
2.68418 -4.16946e-09
2.59062 -9.19515e-09
2.53283 -1.31533e-08
2.51327 -1.45206e-08
2.53283 -1.31533e-08
2.59062 -9.19515e-09
2.68418 -4.16946e-09
2.80993 -8.36349e-10
2.96377 1.7226e-11
2.98038 2.49939e-11
2.89641 -1.22377e-10
2.84483 -4.43843e-10
2.82743 -6.18247e-10
2.84483 -4.43843e-10
2.89641 -1.22377e-10
2.98038 2.49939e-11
2.99689 2.70374e-11
2.91339 -6.48938e-11
2.86213 -3.06847e-10
2.84483 -4.43843e-10
2.86213 -3.06847e-10
2.91339 -6.48938e-11
2.99689 2.70374e-11
2.98038 2.49939e-11
2.82743 -6.18247e-10
2.7025 -3.4519e-09
2.6096 -8.00399e-09
2.55224 -1.17902e-08
2.53283 -1.31533e-08
2.55224 -1.17902e-08
2.6096 -8.00399e-09
2.7025 -3.4519e-09
2.82743 -6.18247e-10
2.98038 2.49939e-11
2.91339 -6.48938e-11
2.7207 -2.82525e-09
2.55224 -1.17902e-08
2.4131 -1.9618e-08
2.30859 -1.35263e-08
2.24355 2.96209e-09
2.22144 1.17568e-08
2.24355 2.96209e-09
2.30859 -1.35263e-08
2.4131 -1.9618e-08
2.55224 -1.17902e-08
2.7207 -2.82525e-09
2.91339 -6.48938e-11
2.91339 -6.48938e-11
2.68418 -4.16946e-09
2.47369 -1.70954e-08
2.28711 -9.46995e-09
2.13073 6.89358e-08
2.0116 1.99083e-07
1.93661 3.02538e-07
1.91096 3.37914e-07
1.93661 3.02538e-07
2.0116 1.99083e-07
2.13073 6.89358e-08
2.28711 -9.46995e-09
2.47369 -1.70954e-08
2.68418 -4.16946e-09
2.91339 -6.48938e-11
2.98038 2.49939e-11
2.7207 -2.82525e-09
2.47369 -1.70954e-08
2.24355 2.96209e-09
2.03598 1.67904e-07
1.85859 4.03541e-07
1.72072 4.69917e-07
1.63242 4.15453e-07
1.6019 3.98903e-07
1.63242 4.15453e-07
1.72072 4.69917e-07
1.85859 4.03541e-07
2.03598 1.67904e-07
2.24355 2.96209e-09
2.47369 -1.70954e-08
2.7207 -2.82525e-09
2.98038 2.49939e-11
2.82743 -6.18247e-10
2.55224 -1.17902e-08
2.28711 -9.46995e-09
2.03598 1.67904e-07
1.80471 4.52732e-07
1.6019 3.98903e-07
1.43966 1.29689e-06
1.33286 5.33548e-06
1.29531 8.35927e-06
1.33286 5.33548e-06
1.43966 1.29689e-06
1.6019 3.98903e-07
1.80471 4.52732e-07
2.03598 1.67904e-07
2.28711 -9.46995e-09
2.55224 -1.17902e-08
2.82743 -6.18247e-10
2.99689 2.70374e-11
2.7025 -3.4519e-09
2.4131 -1.9618e-08
2.13073 6.89358e-08
1.85859 4.03541e-07
1.6019 3.98903e-07
1.36939 3.35293e-06
1.17548 2.9418e-05
1.04195 9.46765e-05
0.993459 0.000138595
1.04195 9.46765e-05
1.17548 2.9418e-05
1.36939 3.35293e-06
1.6019 3.98903e-07
1.85859 4.03541e-07
2.13073 6.89358e-08
2.4131 -1.9618e-08
2.7025 -3.4519e-09
2.99689 2.70374e-11
2.91339 -6.48938e-11
2.6096 -8.00399e-09
2.30859 -1.35263e-08
2.0116 1.99083e-07
1.72072 4.69917e-07
1.43966 1.29689e-06
1.17548 2.9418e-05
0.942478 0.000202939
0.76953 0.00066277
0.702481 0.00101622
0.76953 0.00066277
0.942478 0.000202939
1.17548 2.9418e-05
1.43966 1.29689e-06
1.72072 4.69917e-07
2.0116 1.99083e-07
2.30859 -1.35263e-08
2.6096 -8.00399e-09
2.91339 -6.48938e-11
2.86213 -3.06847e-10
2.55224 -1.17902e-08
2.24355 2.96209e-09
1.93661 3.02538e-07
1.63242 4.15453e-07
1.33286 5.33548e-06
1.04195 9.46765e-05
0.76953 0.00066277
0.54414 0.0027158
0.444288 0.00511681
0.54414 0.0027158
0.76953 0.00066277
1.04195 9.46765e-05
1.33286 5.33548e-06
1.63242 4.15453e-07
1.93661 3.02538e-07
2.24355 2.96209e-09
2.55224 -1.17902e-08
2.86213 -3.06847e-10
2.84483 -4.43843e-10
2.53283 -1.31533e-08
2.22144 1.17568e-08
1.91096 3.37914e-07
1.6019 3.98903e-07
1.29531 8.35927e-06
0.993459 0.000138595
0.702481 0.00101622
0.444288 0.00511681
0.314159 0.0127913
0.444288 0.00511681
0.702481 0.00101622
0.993459 0.000138595
1.29531 8.35927e-06
1.6019 3.98903e-07
1.91096 3.37914e-07
2.22144 1.17568e-08
2.53283 -1.31533e-08
2.84483 -4.43843e-10
2.86213 -3.06847e-10
2.55224 -1.17902e-08
2.24355 2.96209e-09
1.93661 3.02538e-07
1.63242 4.15453e-07
1.33286 5.33548e-06
1.04195 9.46765e-05
0.76953 0.00066277
0.54414 0.0027158
0.444288 0.00511681
0.54414 0.0027158
0.76953 0.00066277
1.04195 9.46765e-05
1.33286 5.33548e-06
1.63242 4.15453e-07
1.93661 3.02538e-07
2.24355 2.96209e-09
2.55224 -1.17902e-08
2.86213 -3.06847e-10
2.91339 -6.48938e-11
2.6096 -8.00399e-09
2.30859 -1.35263e-08
2.0116 1.99083e-07
1.72072 4.69917e-07
1.43966 1.29689e-06
1.17548 2.9418e-05
0.942478 0.000202939
0.76953 0.00066277
0.702481 0.00101622
0.76953 0.00066277
0.942478 0.000202939
1.17548 2.9418e-05
1.43966 1.29689e-06
1.72072 4.69917e-07
2.0116 1.99083e-07
2.30859 -1.35263e-08
2.6096 -8.00399e-09
2.91339 -6.48938e-11
2.99689 2.70374e-11
2.7025 -3.4519e-09
2.4131 -1.9618e-08
2.13073 6.89358e-08
1.85859 4.03541e-07
1.6019 3.98903e-07
1.36939 3.35293e-06
1.17548 2.9418e-05
1.04195 9.46765e-05
0.993459 0.000138595
1.04195 9.46765e-05
1.17548 2.9418e-05
1.36939 3.35293e-06
1.6019 3.98903e-07
1.85859 4.03541e-07
2.13073 6.89358e-08
2.4131 -1.9618e-08
2.7025 -3.4519e-09
2.99689 2.70374e-11
2.82743 -6.18247e-10
2.55224 -1.17902e-08
2.28711 -9.46995e-09
2.03598 1.67904e-07
1.80471 4.52732e-07
1.6019 3.98903e-07
1.43966 1.29689e-06
1.33286 5.33548e-06
1.29531 8.35927e-06
1.33286 5.33548e-06
1.43966 1.29689e-06
1.6019 3.98903e-07
1.80471 4.52732e-07
2.03598 1.67904e-07
2.28711 -9.46995e-09
2.55224 -1.17902e-08
2.82743 -6.18247e-10
2.98038 2.49939e-11
2.7207 -2.82525e-09
2.47369 -1.70954e-08
2.24355 2.96209e-09
2.03598 1.67904e-07
1.85859 4.03541e-07
1.72072 4.69917e-07
1.63242 4.15453e-07
1.6019 3.98903e-07
1.63242 4.15453e-07
1.72072 4.69917e-07
1.85859 4.03541e-07
2.03598 1.67904e-07
2.24355 2.96209e-09
2.47369 -1.70954e-08
2.7207 -2.82525e-09
2.98038 2.49939e-11
2.91339 -6.48938e-11
2.68418 -4.16946e-09
2.47369 -1.70954e-08
2.28711 -9.46995e-09
2.13073 6.89358e-08
2.0116 1.99083e-07
1.93661 3.02538e-07
1.91096 3.37914e-07
1.93661 3.02538e-07
2.0116 1.99083e-07
2.13073 6.89358e-08
2.28711 -9.46995e-09
2.47369 -1.70954e-08
2.68418 -4.16946e-09
2.91339 -6.48938e-11
2.91339 -6.48938e-11
2.7207 -2.82525e-09
2.55224 -1.17902e-08
2.4131 -1.9618e-08
2.30859 -1.35263e-08
2.24355 2.96209e-09
2.22144 1.17568e-08
2.24355 2.96209e-09
2.30859 -1.35263e-08
2.4131 -1.9618e-08
2.55224 -1.17902e-08
2.7207 -2.82525e-09
2.91339 -6.48938e-11
2.98038 2.49939e-11
2.82743 -6.18247e-10
2.7025 -3.4519e-09
2.6096 -8.00399e-09
2.55224 -1.17902e-08
2.53283 -1.31533e-08
2.55224 -1.17902e-08
2.6096 -8.00399e-09
2.7025 -3.4519e-09
2.82743 -6.18247e-10
2.98038 2.49939e-11
2.99689 2.70374e-11
2.91339 -6.48938e-11
2.86213 -3.06847e-10
2.84483 -4.43843e-10
2.86213 -3.06847e-10
2.91339 -6.48938e-11
2.99689 2.70374e-11
2.96377 1.7226e-11
2.91339 -6.48938e-11
2.89641 -1.22377e-10
2.91339 -6.48938e-11
2.96377 1.7226e-11
2.87932 -2.01451e-10
2.75674 -1.82143e-09
2.66573 -4.98222e-09
2.6096 -8.00399e-09
2.59062 -9.19515e-09
2.6096 -8.00399e-09
2.66573 -4.98222e-09
2.75674 -1.82143e-09
2.87932 -2.01451e-10
2.96377 1.7226e-11
2.77458 -1.43082e-09
2.6096 -8.00399e-09
2.47369 -1.70954e-08
2.37185 -1.93641e-08
2.30859 -1.35263e-08
2.28711 -9.46995e-09
2.30859 -1.35263e-08
2.37185 -1.93641e-08
2.47369 -1.70954e-08
2.6096 -8.00399e-09
2.77458 -1.43082e-09
2.96377 1.7226e-11
2.96377 1.7226e-11
2.73878 -2.28391e-09
2.53283 -1.31533e-08
2.35095 -1.82978e-08
2.19911 2.25544e-08
2.0839 1.1299e-07
2.0116 1.99083e-07
1.98692 2.32302e-07
2.0116 1.99083e-07
2.0839 1.1299e-07
2.19911 2.25544e-08
2.35095 -1.82978e-08
2.53283 -1.31533e-08
2.73878 -2.28391e-09
2.96377 1.7226e-11
2.77458 -1.43082e-09
2.53283 -1.31533e-08
2.30859 -1.35263e-08
2.10744 8.95885e-08
1.93661 3.02538e-07
1.80471 4.52732e-07
1.72072 4.69917e-07
1.6918 4.57472e-07
1.72072 4.69917e-07
1.80471 4.52732e-07
1.93661 3.02538e-07
2.10744 8.95885e-08
2.30859 -1.35263e-08
2.53283 -1.31533e-08
2.77458 -1.43082e-09
2.87932 -2.01451e-10
2.6096 -8.00399e-09
2.35095 -1.82978e-08
2.10744 8.95885e-08
1.88496 3.72024e-07
1.6918 4.57472e-07
1.53906 4.49437e-07
1.43966 1.29689e-06
1.40496 2.08358e-06
1.43966 1.29689e-06
1.53906 4.49437e-07
1.6918 4.57472e-07
1.88496 3.72024e-07
2.10744 8.95885e-08
2.35095 -1.82978e-08
2.6096 -8.00399e-09
2.87932 -2.01451e-10
2.75674 -1.82143e-09
2.47369 -1.70954e-08
2.19911 2.25544e-08
1.93661 3.02538e-07
1.6918 4.57472e-07
1.47354 8.31435e-07
1.29531 8.35927e-06
1.17548 2.9418e-05
1.13272 4.37288e-05
1.17548 2.9418e-05
1.29531 8.35927e-06
1.47354 8.31435e-07
1.6918 4.57472e-07
1.93661 3.02538e-07
2.19911 2.25544e-08
2.47369 -1.70954e-08
2.75674 -1.82143e-09
2.96377 1.7226e-11
2.66573 -4.98222e-09
2.37185 -1.93641e-08
2.0839 1.1299e-07
1.80471 4.52732e-07
1.53906 4.49437e-07
1.29531 8.35927e-06
1.08828 6.45093e-05
0.942478 0.000202939
0.888577 0.000298221
0.942478 0.000202939
1.08828 6.45093e-05
1.29531 8.35927e-06
1.53906 4.49437e-07
1.80471 4.52732e-07
2.0839 1.1299e-07
2.37185 -1.93641e-08
2.66573 -4.98222e-09
2.96377 1.7226e-11
2.91339 -6.48938e-11
2.6096 -8.00399e-09
2.30859 -1.35263e-08
2.0116 1.99083e-07
1.72072 4.69917e-07
1.43966 1.29689e-06
1.17548 2.9418e-05
0.942478 0.000202939
0.76953 0.00066277
0.702481 0.00101622
0.76953 0.00066277
0.942478 0.000202939
1.17548 2.9418e-05
1.43966 1.29689e-06
1.72072 4.69917e-07
2.0116 1.99083e-07
2.30859 -1.35263e-08
2.6096 -8.00399e-09
2.91339 -6.48938e-11
2.89641 -1.22377e-10
2.59062 -9.19515e-09
2.28711 -9.46995e-09
1.98692 2.32302e-07
1.6918 4.57472e-07
1.40496 2.08358e-06
1.13272 4.37288e-05
0.888577 0.000298221
0.702481 0.00101622
0.628319 0.0016131
0.702481 0.00101622
0.888577 0.000298221
1.13272 4.37288e-05
1.40496 2.08358e-06
1.6918 4.57472e-07
1.98692 2.32302e-07
2.28711 -9.46995e-09
2.59062 -9.19515e-09
2.89641 -1.22377e-10
2.91339 -6.48938e-11
2.6096 -8.00399e-09
2.30859 -1.35263e-08
2.0116 1.99083e-07
1.72072 4.69917e-07
1.43966 1.29689e-06
1.17548 2.9418e-05
0.942478 0.000202939
0.76953 0.00066277
0.702481 0.00101622
0.76953 0.00066277
0.942478 0.000202939
1.17548 2.9418e-05
1.43966 1.29689e-06
1.72072 4.69917e-07
2.0116 1.99083e-07
2.30859 -1.35263e-08
2.6096 -8.00399e-09
2.91339 -6.48938e-11
2.96377 1.7226e-11
2.66573 -4.98222e-09
2.37185 -1.93641e-08
2.0839 1.1299e-07
1.80471 4.52732e-07
1.53906 4.49437e-07
1.29531 8.35927e-06
1.08828 6.45093e-05
0.942478 0.000202939
0.888577 0.000298221
0.942478 0.000202939
1.08828 6.45093e-05
1.29531 8.35927e-06
1.53906 4.49437e-07
1.80471 4.52732e-07
2.0839 1.1299e-07
2.37185 -1.93641e-08
2.66573 -4.98222e-09
2.96377 1.7226e-11
2.75674 -1.82143e-09
2.47369 -1.70954e-08
2.19911 2.25544e-08
1.93661 3.02538e-07
1.6918 4.57472e-07
1.47354 8.31435e-07
1.29531 8.35927e-06
1.17548 2.9418e-05
1.13272 4.37288e-05
1.17548 2.9418e-05
1.29531 8.35927e-06
1.47354 8.31435e-07
1.6918 4.57472e-07
1.93661 3.02538e-07
2.19911 2.25544e-08
2.47369 -1.70954e-08
2.75674 -1.82143e-09
2.87932 -2.01451e-10
2.6096 -8.00399e-09
2.35095 -1.82978e-08
2.10744 8.95885e-08
1.88496 3.72024e-07
1.6918 4.57472e-07
1.53906 4.49437e-07
1.43966 1.29689e-06
1.40496 2.08358e-06
1.43966 1.29689e-06
1.53906 4.49437e-07
1.6918 4.57472e-07
1.88496 3.72024e-07
2.10744 8.95885e-08
2.35095 -1.82978e-08
2.6096 -8.00399e-09
2.87932 -2.01451e-10
2.77458 -1.43082e-09
2.53283 -1.31533e-08
2.30859 -1.35263e-08
2.10744 8.95885e-08
1.93661 3.02538e-07
1.80471 4.52732e-07
1.72072 4.69917e-07
1.6918 4.57472e-07
1.72072 4.69917e-07
1.80471 4.52732e-07
1.93661 3.02538e-07
2.10744 8.95885e-08
2.30859 -1.35263e-08
2.53283 -1.31533e-08
2.77458 -1.43082e-09
2.96377 1.7226e-11
2.73878 -2.28391e-09
2.53283 -1.31533e-08
2.35095 -1.82978e-08
2.19911 2.25544e-08
2.0839 1.1299e-07
2.0116 1.99083e-07
1.98692 2.32302e-07
2.0116 1.99083e-07
2.0839 1.1299e-07
2.19911 2.25544e-08
2.35095 -1.82978e-08
2.53283 -1.31533e-08
2.73878 -2.28391e-09
2.96377 1.7226e-11
2.96377 1.7226e-11
2.77458 -1.43082e-09
2.6096 -8.00399e-09
2.47369 -1.70954e-08
2.37185 -1.93641e-08
2.30859 -1.35263e-08
2.28711 -9.46995e-09
2.30859 -1.35263e-08
2.37185 -1.93641e-08
2.47369 -1.70954e-08
2.6096 -8.00399e-09
2.77458 -1.43082e-09
2.96377 1.7226e-11
2.87932 -2.01451e-10
2.75674 -1.82143e-09
2.66573 -4.98222e-09
2.6096 -8.00399e-09
2.59062 -9.19515e-09
2.6096 -8.00399e-09
2.66573 -4.98222e-09
2.75674 -1.82143e-09
2.87932 -2.01451e-10
2.96377 1.7226e-11
2.91339 -6.48938e-11
2.89641 -1.22377e-10
2.91339 -6.48938e-11
2.96377 1.7226e-11
2.99689 2.70374e-11
2.98038 2.49939e-11
2.99689 2.70374e-11
2.96377 1.7226e-11
2.84483 -4.43843e-10
2.75674 -1.82143e-09
2.7025 -3.4519e-09
2.68418 -4.16946e-09
2.7025 -3.4519e-09
2.75674 -1.82143e-09
2.84483 -4.43843e-10
2.96377 1.7226e-11
2.86213 -3.06847e-10
2.7025 -3.4519e-09
2.5715 -1.04629e-08
2.47369 -1.70954e-08
2.4131 -1.9618e-08
2.39257 -1.9759e-08
2.4131 -1.9618e-08
2.47369 -1.70954e-08
2.5715 -1.04629e-08
2.7025 -3.4519e-09
2.86213 -3.06847e-10
2.82743 -6.18247e-10
2.62844 -6.90091e-09
2.45366 -1.819e-08
2.30859 -1.35263e-08
2.19911 2.25544e-08
2.13073 6.89358e-08
2.10744 8.95885e-08
2.13073 6.89358e-08
2.19911 2.25544e-08
2.30859 -1.35263e-08
2.45366 -1.819e-08
2.62844 -6.90091e-09
2.82743 -6.18247e-10
2.86213 -3.06847e-10
2.62844 -6.90091e-09
2.4131 -1.9618e-08
2.22144 1.17568e-08
2.06008 1.39131e-07
1.93661 3.02538e-07
1.85859 4.03541e-07
1.83185 4.30972e-07
1.85859 4.03541e-07
1.93661 3.02538e-07
2.06008 1.39131e-07
2.22144 1.17568e-08
2.4131 -1.9618e-08
2.62844 -6.90091e-09
2.86213 -3.06847e-10
2.96377 1.7226e-11
2.7025 -3.4519e-09
2.45366 -1.819e-08
2.22144 1.17568e-08
2.0116 1.99083e-07
1.83185 4.30972e-07
1.6918 4.57472e-07
1.6019 3.98903e-07
1.5708 4.0257e-07
1.6019 3.98903e-07
1.6918 4.57472e-07
1.83185 4.30972e-07
2.0116 1.99083e-07
2.22144 1.17568e-08
2.45366 -1.819e-08
2.7025 -3.4519e-09
2.96377 1.7226e-11
2.84483 -4.43843e-10
2.5715 -1.04629e-08
2.30859 -1.35263e-08
2.06008 1.39131e-07
1.83185 4.30972e-07
1.63242 4.15453e-07
1.47354 8.31435e-07
1.36939 3.35293e-06
1.33286 5.33548e-06
1.36939 3.35293e-06
1.47354 8.31435e-07
1.63242 4.15453e-07
1.83185 4.30972e-07
2.06008 1.39131e-07
2.30859 -1.35263e-08
2.5715 -1.04629e-08
2.84483 -4.43843e-10
2.75674 -1.82143e-09
2.47369 -1.70954e-08
2.19911 2.25544e-08
1.93661 3.02538e-07
1.6918 4.57472e-07
1.47354 8.31435e-07
1.29531 8.35927e-06
1.17548 2.9418e-05
1.13272 4.37288e-05
1.17548 2.9418e-05
1.29531 8.35927e-06
1.47354 8.31435e-07
1.6918 4.57472e-07
1.93661 3.02538e-07
2.19911 2.25544e-08
2.47369 -1.70954e-08
2.75674 -1.82143e-09
2.99689 2.70374e-11
2.7025 -3.4519e-09
2.4131 -1.9618e-08
2.13073 6.89358e-08
1.85859 4.03541e-07
1.6019 3.98903e-07
1.36939 3.35293e-06
1.17548 2.9418e-05
1.04195 9.46765e-05
0.993459 0.000138595
1.04195 9.46765e-05
1.17548 2.9418e-05
1.36939 3.35293e-06
1.6019 3.98903e-07
1.85859 4.03541e-07
2.13073 6.89358e-08
2.4131 -1.9618e-08
2.7025 -3.4519e-09
2.99689 2.70374e-11
2.98038 2.49939e-11
2.68418 -4.16946e-09
2.39257 -1.9759e-08
2.10744 8.95885e-08
1.83185 4.30972e-07
1.5708 4.0257e-07
1.33286 5.33548e-06
1.13272 4.37288e-05
0.993459 0.000138595
0.942478 0.000202939
0.993459 0.000138595
1.13272 4.37288e-05
1.33286 5.33548e-06
1.5708 4.0257e-07
1.83185 4.30972e-07
2.10744 8.95885e-08
2.39257 -1.9759e-08
2.68418 -4.16946e-09
2.98038 2.49939e-11
2.99689 2.70374e-11
2.7025 -3.4519e-09
2.4131 -1.9618e-08
2.13073 6.89358e-08
1.85859 4.03541e-07
1.6019 3.98903e-07
1.36939 3.35293e-06
1.17548 2.9418e-05
1.04195 9.46765e-05
0.993459 0.000138595
1.04195 9.46765e-05
1.17548 2.9418e-05
1.36939 3.35293e-06
1.6019 3.98903e-07
1.85859 4.03541e-07
2.13073 6.89358e-08
2.4131 -1.9618e-08
2.7025 -3.4519e-09
2.99689 2.70374e-11
2.75674 -1.82143e-09
2.47369 -1.70954e-08
2.19911 2.25544e-08
1.93661 3.02538e-07
1.6918 4.57472e-07
1.47354 8.31435e-07
1.29531 8.35927e-06
1.17548 2.9418e-05
1.13272 4.37288e-05
1.17548 2.9418e-05
1.29531 8.35927e-06
1.47354 8.31435e-07
1.6918 4.57472e-07
1.93661 3.02538e-07
2.19911 2.25544e-08
2.47369 -1.70954e-08
2.75674 -1.82143e-09
2.84483 -4.43843e-10
2.5715 -1.04629e-08
2.30859 -1.35263e-08
2.06008 1.39131e-07
1.83185 4.30972e-07
1.63242 4.15453e-07
1.47354 8.31435e-07
1.36939 3.35293e-06
1.33286 5.33548e-06
1.36939 3.35293e-06
1.47354 8.31435e-07
1.63242 4.15453e-07
1.83185 4.30972e-07
2.06008 1.39131e-07
2.30859 -1.35263e-08
2.5715 -1.04629e-08
2.84483 -4.43843e-10
2.96377 1.7226e-11
2.7025 -3.4519e-09
2.45366 -1.819e-08
2.22144 1.17568e-08
2.0116 1.99083e-07
1.83185 4.30972e-07
1.6918 4.57472e-07
1.6019 3.98903e-07
1.5708 4.0257e-07
1.6019 3.98903e-07
1.6918 4.57472e-07
1.83185 4.30972e-07
2.0116 1.99083e-07
2.22144 1.17568e-08
2.45366 -1.819e-08
2.7025 -3.4519e-09
2.96377 1.7226e-11
2.86213 -3.06847e-10
2.62844 -6.90091e-09
2.4131 -1.9618e-08
2.22144 1.17568e-08
2.06008 1.39131e-07
1.93661 3.02538e-07
1.85859 4.03541e-07
1.83185 4.30972e-07
1.85859 4.03541e-07
1.93661 3.02538e-07
2.06008 1.39131e-07
2.22144 1.17568e-08
2.4131 -1.9618e-08
2.62844 -6.90091e-09
2.86213 -3.06847e-10
2.82743 -6.18247e-10
2.62844 -6.90091e-09
2.45366 -1.819e-08
2.30859 -1.35263e-08
2.19911 2.25544e-08
2.13073 6.89358e-08
2.10744 8.95885e-08
2.13073 6.89358e-08
2.19911 2.25544e-08
2.30859 -1.35263e-08
2.45366 -1.819e-08
2.62844 -6.90091e-09
2.82743 -6.18247e-10
2.86213 -3.06847e-10
2.7025 -3.4519e-09
2.5715 -1.04629e-08
2.47369 -1.70954e-08
2.4131 -1.9618e-08
2.39257 -1.9759e-08
2.4131 -1.9618e-08
2.47369 -1.70954e-08
2.5715 -1.04629e-08
2.7025 -3.4519e-09
2.86213 -3.06847e-10
2.96377 1.7226e-11
2.84483 -4.43843e-10
2.75674 -1.82143e-09
2.7025 -3.4519e-09
2.68418 -4.16946e-09
2.7025 -3.4519e-09
2.75674 -1.82143e-09
2.84483 -4.43843e-10
2.96377 1.7226e-11
2.99689 2.70374e-11
2.98038 2.49939e-11
2.99689 2.70374e-11
2.96377 1.7226e-11
2.87932 -2.01451e-10
2.82743 -6.18247e-10
2.80993 -8.36349e-10
2.82743 -6.18247e-10
2.87932 -2.01451e-10
2.96377 1.7226e-11
2.98038 2.49939e-11
2.82743 -6.18247e-10
2.7025 -3.4519e-09
2.6096 -8.00399e-09
2.55224 -1.17902e-08
2.53283 -1.31533e-08
2.55224 -1.17902e-08
2.6096 -8.00399e-09
2.7025 -3.4519e-09
2.82743 -6.18247e-10
2.98038 2.49939e-11
2.94708 1.51098e-12
2.75674 -1.82143e-09
2.59062 -9.19515e-09
2.45366 -1.819e-08
2.35095 -1.82978e-08
2.28711 -9.46995e-09
2.26543 -4.04264e-09
2.28711 -9.46995e-09
2.35095 -1.82978e-08
2.45366 -1.819e-08
2.59062 -9.19515e-09
2.75674 -1.82143e-09
2.94708 1.51098e-12
2.98038 2.49939e-11
2.75674 -1.82143e-09
2.55224 -1.17902e-08
2.37185 -1.93641e-08
2.22144 1.17568e-08
2.10744 8.95885e-08
2.03598 1.67904e-07
2.0116 1.99083e-07
2.03598 1.67904e-07
2.10744 8.95885e-08
2.22144 1.17568e-08
2.37185 -1.93641e-08
2.55224 -1.17902e-08
2.75674 -1.82143e-09
2.98038 2.49939e-11
2.82743 -6.18247e-10
2.59062 -9.19515e-09
2.37185 -1.93641e-08
2.17656 3.55612e-08
2.0116 1.99083e-07
1.88496 3.72024e-07
1.80471 4.52732e-07
1.77715 4.67267e-07
1.80471 4.52732e-07
1.88496 3.72024e-07
2.0116 1.99083e-07
2.17656 3.55612e-08
2.37185 -1.93641e-08
2.59062 -9.19515e-09
2.82743 -6.18247e-10
2.96377 1.7226e-11
2.7025 -3.4519e-09
2.45366 -1.819e-08
2.22144 1.17568e-08
2.0116 1.99083e-07
1.83185 4.30972e-07
1.6918 4.57472e-07
1.6019 3.98903e-07
1.5708 4.0257e-07
1.6019 3.98903e-07
1.6918 4.57472e-07
1.83185 4.30972e-07
2.0116 1.99083e-07
2.22144 1.17568e-08
2.45366 -1.819e-08
2.7025 -3.4519e-09
2.96377 1.7226e-11
2.87932 -2.01451e-10
2.6096 -8.00399e-09
2.35095 -1.82978e-08
2.10744 8.95885e-08
1.88496 3.72024e-07
1.6918 4.57472e-07
1.53906 4.49437e-07
1.43966 1.29689e-06
1.40496 2.08358e-06
1.43966 1.29689e-06
1.53906 4.49437e-07
1.6918 4.57472e-07
1.88496 3.72024e-07
2.10744 8.95885e-08
2.35095 -1.82978e-08
2.6096 -8.00399e-09
2.87932 -2.01451e-10
2.82743 -6.18247e-10
2.55224 -1.17902e-08
2.28711 -9.46995e-09
2.03598 1.67904e-07
1.80471 4.52732e-07
1.6019 3.98903e-07
1.43966 1.29689e-06
1.33286 5.33548e-06
1.29531 8.35927e-06
1.33286 5.33548e-06
1.43966 1.29689e-06
1.6019 3.98903e-07
1.80471 4.52732e-07
2.03598 1.67904e-07
2.28711 -9.46995e-09
2.55224 -1.17902e-08
2.82743 -6.18247e-10
2.80993 -8.36349e-10
2.53283 -1.31533e-08
2.26543 -4.04264e-09
2.0116 1.99083e-07
1.77715 4.67267e-07
1.5708 4.0257e-07
1.40496 2.08358e-06
1.29531 8.35927e-06
1.25664 1.28907e-05
1.29531 8.35927e-06
1.40496 2.08358e-06
1.5708 4.0257e-07
1.77715 4.67267e-07
2.0116 1.99083e-07
2.26543 -4.04264e-09
2.53283 -1.31533e-08
2.80993 -8.36349e-10
2.82743 -6.18247e-10
2.55224 -1.17902e-08
2.28711 -9.46995e-09
2.03598 1.67904e-07
1.80471 4.52732e-07
1.6019 3.98903e-07
1.43966 1.29689e-06
1.33286 5.33548e-06
1.29531 8.35927e-06
1.33286 5.33548e-06
1.43966 1.29689e-06
1.6019 3.98903e-07
1.80471 4.52732e-07
2.03598 1.67904e-07
2.28711 -9.46995e-09
2.55224 -1.17902e-08
2.82743 -6.18247e-10
2.87932 -2.01451e-10
2.6096 -8.00399e-09
2.35095 -1.82978e-08
2.10744 8.95885e-08
1.88496 3.72024e-07
1.6918 4.57472e-07
1.53906 4.49437e-07
1.43966 1.29689e-06
1.40496 2.08358e-06
1.43966 1.29689e-06
1.53906 4.49437e-07
1.6918 4.57472e-07
1.88496 3.72024e-07
2.10744 8.95885e-08
2.35095 -1.82978e-08
2.6096 -8.00399e-09
2.87932 -2.01451e-10
2.96377 1.7226e-11
2.7025 -3.4519e-09
2.45366 -1.819e-08
2.22144 1.17568e-08
2.0116 1.99083e-07
1.83185 4.30972e-07
1.6918 4.57472e-07
1.6019 3.98903e-07
1.5708 4.0257e-07
1.6019 3.98903e-07
1.6918 4.57472e-07
1.83185 4.30972e-07
2.0116 1.99083e-07
2.22144 1.17568e-08
2.45366 -1.819e-08
2.7025 -3.4519e-09
2.96377 1.7226e-11
2.82743 -6.18247e-10
2.59062 -9.19515e-09
2.37185 -1.93641e-08
2.17656 3.55612e-08
2.0116 1.99083e-07
1.88496 3.72024e-07
1.80471 4.52732e-07
1.77715 4.67267e-07
1.80471 4.52732e-07
1.88496 3.72024e-07
2.0116 1.99083e-07
2.17656 3.55612e-08
2.37185 -1.93641e-08
2.59062 -9.19515e-09
2.82743 -6.18247e-10
2.98038 2.49939e-11
2.75674 -1.82143e-09
2.55224 -1.17902e-08
2.37185 -1.93641e-08
2.22144 1.17568e-08
2.10744 8.95885e-08
2.03598 1.67904e-07
2.0116 1.99083e-07
2.03598 1.67904e-07
2.10744 8.95885e-08
2.22144 1.17568e-08
2.37185 -1.93641e-08
2.55224 -1.17902e-08
2.75674 -1.82143e-09
2.98038 2.49939e-11
2.94708 1.51098e-12
2.75674 -1.82143e-09
2.59062 -9.19515e-09
2.45366 -1.819e-08
2.35095 -1.82978e-08
2.28711 -9.46995e-09
2.26543 -4.04264e-09
2.28711 -9.46995e-09
2.35095 -1.82978e-08
2.45366 -1.819e-08
2.59062 -9.19515e-09
2.75674 -1.82143e-09
2.94708 1.51098e-12
2.98038 2.49939e-11
2.82743 -6.18247e-10
2.7025 -3.4519e-09
2.6096 -8.00399e-09
2.55224 -1.17902e-08
2.53283 -1.31533e-08
2.55224 -1.17902e-08
2.6096 -8.00399e-09
2.7025 -3.4519e-09
2.82743 -6.18247e-10
2.98038 2.49939e-11
2.96377 1.7226e-11
2.87932 -2.01451e-10
2.82743 -6.18247e-10
2.80993 -8.36349e-10
2.82743 -6.18247e-10
2.87932 -2.01451e-10
2.96377 1.7226e-11
2.98038 2.49939e-11
2.96377 1.7226e-11
2.98038 2.49939e-11
2.98038 2.49939e-11
2.86213 -3.06847e-10
2.77458 -1.43082e-09
2.7207 -2.82525e-09
2.7025 -3.4519e-09
2.7207 -2.82525e-09
2.77458 -1.43082e-09
2.86213 -3.06847e-10
2.98038 2.49939e-11
2.91339 -6.48938e-11
2.75674 -1.82143e-09
2.62844 -6.90091e-09
2.53283 -1.31533e-08
2.47369 -1.70954e-08
2.45366 -1.819e-08
2.47369 -1.70954e-08
2.53283 -1.31533e-08
2.62844 -6.90091e-09
2.75674 -1.82143e-09
2.91339 -6.48938e-11
2.91339 -6.48938e-11
2.7207 -2.82525e-09
2.55224 -1.17902e-08
2.4131 -1.9618e-08
2.30859 -1.35263e-08
2.24355 2.96209e-09
2.22144 1.17568e-08
2.24355 2.96209e-09
2.30859 -1.35263e-08
2.4131 -1.9618e-08
2.55224 -1.17902e-08
2.7207 -2.82525e-09
2.91339 -6.48938e-11
2.98038 2.49939e-11
2.75674 -1.82143e-09
2.55224 -1.17902e-08
2.37185 -1.93641e-08
2.22144 1.17568e-08
2.10744 8.95885e-08
2.03598 1.67904e-07
2.0116 1.99083e-07
2.03598 1.67904e-07
2.10744 8.95885e-08
2.22144 1.17568e-08
2.37185 -1.93641e-08
2.55224 -1.17902e-08
2.75674 -1.82143e-09
2.98038 2.49939e-11
2.86213 -3.06847e-10
2.62844 -6.90091e-09
2.4131 -1.9618e-08
2.22144 1.17568e-08
2.06008 1.39131e-07
1.93661 3.02538e-07
1.85859 4.03541e-07
1.83185 4.30972e-07
1.85859 4.03541e-07
1.93661 3.02538e-07
2.06008 1.39131e-07
2.22144 1.17568e-08
2.4131 -1.9618e-08
2.62844 -6.90091e-09
2.86213 -3.06847e-10
2.77458 -1.43082e-09
2.53283 -1.31533e-08
2.30859 -1.35263e-08
2.10744 8.95885e-08
1.93661 3.02538e-07
1.80471 4.52732e-07
1.72072 4.69917e-07
1.6918 4.57472e-07
1.72072 4.69917e-07
1.80471 4.52732e-07
1.93661 3.02538e-07
2.10744 8.95885e-08
2.30859 -1.35263e-08
2.53283 -1.31533e-08
2.77458 -1.43082e-09
2.98038 2.49939e-11
2.7207 -2.82525e-09
2.47369 -1.70954e-08
2.24355 2.96209e-09
2.03598 1.67904e-07
1.85859 4.03541e-07
1.72072 4.69917e-07
1.63242 4.15453e-07
1.6019 3.98903e-07
1.63242 4.15453e-07
1.72072 4.69917e-07
1.85859 4.03541e-07
2.03598 1.67904e-07
2.24355 2.96209e-09
2.47369 -1.70954e-08
2.7207 -2.82525e-09
2.98038 2.49939e-11
2.96377 1.7226e-11
2.7025 -3.4519e-09
2.45366 -1.819e-08
2.22144 1.17568e-08
2.0116 1.99083e-07
1.83185 4.30972e-07
1.6918 4.57472e-07
1.6019 3.98903e-07
1.5708 4.0257e-07
1.6019 3.98903e-07
1.6918 4.57472e-07
1.83185 4.30972e-07
2.0116 1.99083e-07
2.22144 1.17568e-08
2.45366 -1.819e-08
2.7025 -3.4519e-09
2.96377 1.7226e-11
2.98038 2.49939e-11
2.7207 -2.82525e-09
2.47369 -1.70954e-08
2.24355 2.96209e-09
2.03598 1.67904e-07
1.85859 4.03541e-07
1.72072 4.69917e-07
1.63242 4.15453e-07
1.6019 3.98903e-07
1.63242 4.15453e-07
1.72072 4.69917e-07
1.85859 4.03541e-07
2.03598 1.67904e-07
2.24355 2.96209e-09
2.47369 -1.70954e-08
2.7207 -2.82525e-09
2.98038 2.49939e-11
2.77458 -1.43082e-09
2.53283 -1.31533e-08
2.30859 -1.35263e-08
2.10744 8.95885e-08
1.93661 3.02538e-07
1.80471 4.52732e-07
1.72072 4.69917e-07
1.6918 4.57472e-07
1.72072 4.69917e-07
1.80471 4.52732e-07
1.93661 3.02538e-07
2.10744 8.95885e-08
2.30859 -1.35263e-08
2.53283 -1.31533e-08
2.77458 -1.43082e-09
2.86213 -3.06847e-10
2.62844 -6.90091e-09
2.4131 -1.9618e-08
2.22144 1.17568e-08
2.06008 1.39131e-07
1.93661 3.02538e-07
1.85859 4.03541e-07
1.83185 4.30972e-07
1.85859 4.03541e-07
1.93661 3.02538e-07
2.06008 1.39131e-07
2.22144 1.17568e-08
2.4131 -1.9618e-08
2.62844 -6.90091e-09
2.86213 -3.06847e-10
2.98038 2.49939e-11
2.75674 -1.82143e-09
2.55224 -1.17902e-08
2.37185 -1.93641e-08
2.22144 1.17568e-08
2.10744 8.95885e-08
2.03598 1.67904e-07
2.0116 1.99083e-07
2.03598 1.67904e-07
2.10744 8.95885e-08
2.22144 1.17568e-08
2.37185 -1.93641e-08
2.55224 -1.17902e-08
2.75674 -1.82143e-09
2.98038 2.49939e-11
2.91339 -6.48938e-11
2.7207 -2.82525e-09
2.55224 -1.17902e-08
2.4131 -1.9618e-08
2.30859 -1.35263e-08
2.24355 2.96209e-09
2.22144 1.17568e-08
2.24355 2.96209e-09
2.30859 -1.35263e-08
2.4131 -1.9618e-08
2.55224 -1.17902e-08
2.7207 -2.82525e-09
2.91339 -6.48938e-11
2.91339 -6.48938e-11
2.75674 -1.82143e-09
2.62844 -6.90091e-09
2.53283 -1.31533e-08
2.47369 -1.70954e-08
2.45366 -1.819e-08
2.47369 -1.70954e-08
2.53283 -1.31533e-08
2.62844 -6.90091e-09
2.75674 -1.82143e-09
2.91339 -6.48938e-11
2.98038 2.49939e-11
2.86213 -3.06847e-10
2.77458 -1.43082e-09
2.7207 -2.82525e-09
2.7025 -3.4519e-09
2.7207 -2.82525e-09
2.77458 -1.43082e-09
2.86213 -3.06847e-10
2.98038 2.49939e-11
2.98038 2.49939e-11
2.96377 1.7226e-11
2.98038 2.49939e-11
2.96377 1.7226e-11
2.91339 -6.48938e-11
2.89641 -1.22377e-10
2.91339 -6.48938e-11
2.96377 1.7226e-11
2.94708 1.51098e-12
2.82743 -6.18247e-10
2.73878 -2.28391e-09
2.68418 -4.16946e-09
2.66573 -4.98222e-09
2.68418 -4.16946e-09
2.73878 -2.28391e-09
2.82743 -6.18247e-10
2.94708 1.51098e-12
2.91339 -6.48938e-11
2.75674 -1.82143e-09
2.62844 -6.90091e-09
2.53283 -1.31533e-08
2.47369 -1.70954e-08
2.45366 -1.819e-08
2.47369 -1.70954e-08
2.53283 -1.31533e-08
2.62844 -6.90091e-09
2.75674 -1.82143e-09
2.91339 -6.48938e-11
2.94708 1.51098e-12
2.75674 -1.82143e-09
2.59062 -9.19515e-09
2.45366 -1.819e-08
2.35095 -1.82978e-08
2.28711 -9.46995e-09
2.26543 -4.04264e-09
2.28711 -9.46995e-09
2.35095 -1.82978e-08
2.45366 -1.819e-08
2.59062 -9.19515e-09
2.75674 -1.82143e-09
2.94708 1.51098e-12
2.82743 -6.18247e-10
2.62844 -6.90091e-09
2.45366 -1.819e-08
2.30859 -1.35263e-08
2.19911 2.25544e-08
2.13073 6.89358e-08
2.10744 8.95885e-08
2.13073 6.89358e-08
2.19911 2.25544e-08
2.30859 -1.35263e-08
2.45366 -1.819e-08
2.62844 -6.90091e-09
2.82743 -6.18247e-10
2.96377 1.7226e-11
2.73878 -2.28391e-09
2.53283 -1.31533e-08
2.35095 -1.82978e-08
2.19911 2.25544e-08
2.0839 1.1299e-07
2.0116 1.99083e-07
1.98692 2.32302e-07
2.0116 1.99083e-07
2.0839 1.1299e-07
2.19911 2.25544e-08
2.35095 -1.82978e-08
2.53283 -1.31533e-08
2.73878 -2.28391e-09
2.96377 1.7226e-11
2.91339 -6.48938e-11
2.68418 -4.16946e-09
2.47369 -1.70954e-08
2.28711 -9.46995e-09
2.13073 6.89358e-08
2.0116 1.99083e-07
1.93661 3.02538e-07
1.91096 3.37914e-07
1.93661 3.02538e-07
2.0116 1.99083e-07
2.13073 6.89358e-08
2.28711 -9.46995e-09
2.47369 -1.70954e-08
2.68418 -4.16946e-09
2.91339 -6.48938e-11
2.89641 -1.22377e-10
2.66573 -4.98222e-09
2.45366 -1.819e-08
2.26543 -4.04264e-09
2.10744 8.95885e-08
1.98692 2.32302e-07
1.91096 3.37914e-07
1.88496 3.72024e-07
1.91096 3.37914e-07
1.98692 2.32302e-07
2.10744 8.95885e-08
2.26543 -4.04264e-09
2.45366 -1.819e-08
2.66573 -4.98222e-09
2.89641 -1.22377e-10
2.91339 -6.48938e-11
2.68418 -4.16946e-09
2.47369 -1.70954e-08
2.28711 -9.46995e-09
2.13073 6.89358e-08
2.0116 1.99083e-07
1.93661 3.02538e-07
1.91096 3.37914e-07
1.93661 3.02538e-07
2.0116 1.99083e-07
2.13073 6.89358e-08
2.28711 -9.46995e-09
2.47369 -1.70954e-08
2.68418 -4.16946e-09
2.91339 -6.48938e-11
2.96377 1.7226e-11
2.73878 -2.28391e-09
2.53283 -1.31533e-08
2.35095 -1.82978e-08
2.19911 2.25544e-08
2.0839 1.1299e-07
2.0116 1.99083e-07
1.98692 2.32302e-07
2.0116 1.99083e-07
2.0839 1.1299e-07
2.19911 2.25544e-08
2.35095 -1.82978e-08
2.53283 -1.31533e-08
2.73878 -2.28391e-09
2.96377 1.7226e-11
2.82743 -6.18247e-10
2.62844 -6.90091e-09
2.45366 -1.819e-08
2.30859 -1.35263e-08
2.19911 2.25544e-08
2.13073 6.89358e-08
2.10744 8.95885e-08
2.13073 6.89358e-08
2.19911 2.25544e-08
2.30859 -1.35263e-08
2.45366 -1.819e-08
2.62844 -6.90091e-09
2.82743 -6.18247e-10
2.94708 1.51098e-12
2.75674 -1.82143e-09
2.59062 -9.19515e-09
2.45366 -1.819e-08
2.35095 -1.82978e-08
2.28711 -9.46995e-09
2.26543 -4.04264e-09
2.28711 -9.46995e-09
2.35095 -1.82978e-08
2.45366 -1.819e-08
2.59062 -9.19515e-09
2.75674 -1.82143e-09
2.94708 1.51098e-12
2.91339 -6.48938e-11
2.75674 -1.82143e-09
2.62844 -6.90091e-09
2.53283 -1.31533e-08
2.47369 -1.70954e-08
2.45366 -1.819e-08
2.47369 -1.70954e-08
2.53283 -1.31533e-08
2.62844 -6.90091e-09
2.75674 -1.82143e-09
2.91339 -6.48938e-11
2.94708 1.51098e-12
2.82743 -6.18247e-10
2.73878 -2.28391e-09
2.68418 -4.16946e-09
2.66573 -4.98222e-09
2.68418 -4.16946e-09
2.73878 -2.28391e-09
2.82743 -6.18247e-10
2.94708 1.51098e-12
2.96377 1.7226e-11
2.91339 -6.48938e-11
2.89641 -1.22377e-10
2.91339 -6.48938e-11
2.96377 1.7226e-11
2.96377 1.7226e-11
2.91339 -6.48938e-11
2.89641 -1.22377e-10
2.91339 -6.48938e-11
2.96377 1.7226e-11
2.98038 2.49939e-11
2.86213 -3.06847e-10
2.77458 -1.43082e-09
2.7207 -2.82525e-09
2.7025 -3.4519e-09
2.7207 -2.82525e-09
2.77458 -1.43082e-09
2.86213 -3.06847e-10
2.98038 2.49939e-11
2.98038 2.49939e-11
2.82743 -6.18247e-10
2.7025 -3.4519e-09
2.6096 -8.00399e-09
2.55224 -1.17902e-08
2.53283 -1.31533e-08
2.55224 -1.17902e-08
2.6096 -8.00399e-09
2.7025 -3.4519e-09
2.82743 -6.18247e-10
2.98038 2.49939e-11
2.86213 -3.06847e-10
2.7025 -3.4519e-09
2.5715 -1.04629e-08
2.47369 -1.70954e-08
2.4131 -1.9618e-08
2.39257 -1.9759e-08
2.4131 -1.9618e-08
2.47369 -1.70954e-08
2.5715 -1.04629e-08
2.7025 -3.4519e-09
2.86213 -3.06847e-10
2.96377 1.7226e-11
2.77458 -1.43082e-09
2.6096 -8.00399e-09
2.47369 -1.70954e-08
2.37185 -1.93641e-08
2.30859 -1.35263e-08
2.28711 -9.46995e-09
2.30859 -1.35263e-08
2.37185 -1.93641e-08
2.47369 -1.70954e-08
2.6096 -8.00399e-09
2.77458 -1.43082e-09
2.96377 1.7226e-11
2.91339 -6.48938e-11
2.7207 -2.82525e-09
2.55224 -1.17902e-08
2.4131 -1.9618e-08
2.30859 -1.35263e-08
2.24355 2.96209e-09
2.22144 1.17568e-08
2.24355 2.96209e-09
2.30859 -1.35263e-08
2.4131 -1.9618e-08
2.55224 -1.17902e-08
2.7207 -2.82525e-09
2.91339 -6.48938e-11
2.89641 -1.22377e-10
2.7025 -3.4519e-09
2.53283 -1.31533e-08
2.39257 -1.9759e-08
2.28711 -9.46995e-09
2.22144 1.17568e-08
2.19911 2.25544e-08
2.22144 1.17568e-08
2.28711 -9.46995e-09
2.39257 -1.9759e-08
2.53283 -1.31533e-08
2.7025 -3.4519e-09
2.89641 -1.22377e-10
2.91339 -6.48938e-11
2.7207 -2.82525e-09
2.55224 -1.17902e-08
2.4131 -1.9618e-08
2.30859 -1.35263e-08
2.24355 2.96209e-09
2.22144 1.17568e-08
2.24355 2.96209e-09
2.30859 -1.35263e-08
2.4131 -1.9618e-08
2.55224 -1.17902e-08
2.7207 -2.82525e-09
2.91339 -6.48938e-11
2.96377 1.7226e-11
2.77458 -1.43082e-09
2.6096 -8.00399e-09
2.47369 -1.70954e-08
2.37185 -1.93641e-08
2.30859 -1.35263e-08
2.28711 -9.46995e-09
2.30859 -1.35263e-08
2.37185 -1.93641e-08
2.47369 -1.70954e-08
2.6096 -8.00399e-09
2.77458 -1.43082e-09
2.96377 1.7226e-11
2.86213 -3.06847e-10
2.7025 -3.4519e-09
2.5715 -1.04629e-08
2.47369 -1.70954e-08
2.4131 -1.9618e-08
2.39257 -1.9759e-08
2.4131 -1.9618e-08
2.47369 -1.70954e-08
2.5715 -1.04629e-08
2.7025 -3.4519e-09
2.86213 -3.06847e-10
2.98038 2.49939e-11
2.82743 -6.18247e-10
2.7025 -3.4519e-09
2.6096 -8.00399e-09
2.55224 -1.17902e-08
2.53283 -1.31533e-08
2.55224 -1.17902e-08
2.6096 -8.00399e-09
2.7025 -3.4519e-09
2.82743 -6.18247e-10
2.98038 2.49939e-11
2.98038 2.49939e-11
2.86213 -3.06847e-10
2.77458 -1.43082e-09
2.7207 -2.82525e-09
2.7025 -3.4519e-09
2.7207 -2.82525e-09
2.77458 -1.43082e-09
2.86213 -3.06847e-10
2.98038 2.49939e-11
2.96377 1.7226e-11
2.91339 -6.48938e-11
2.89641 -1.22377e-10
2.91339 -6.48938e-11
2.96377 1.7226e-11
2.98038 2.49939e-11
2.96377 1.7226e-11
2.98038 2.49939e-11
2.96377 1.7226e-11
2.87932 -2.01451e-10
2.82743 -6.18247e-10
2.80993 -8.36349e-10
2.82743 -6.18247e-10
2.87932 -2.01451e-10
2.96377 1.7226e-11
2.96377 1.7226e-11
2.84483 -4.43843e-10
2.75674 -1.82143e-09
2.7025 -3.4519e-09
2.68418 -4.16946e-09
2.7025 -3.4519e-09
2.75674 -1.82143e-09
2.84483 -4.43843e-10
2.96377 1.7226e-11
2.87932 -2.01451e-10
2.75674 -1.82143e-09
2.66573 -4.98222e-09
2.6096 -8.00399e-09
2.59062 -9.19515e-09
2.6096 -8.00399e-09
2.66573 -4.98222e-09
2.75674 -1.82143e-09
2.87932 -2.01451e-10
2.98038 2.49939e-11
2.82743 -6.18247e-10
2.7025 -3.4519e-09
2.6096 -8.00399e-09
2.55224 -1.17902e-08
2.53283 -1.31533e-08
2.55224 -1.17902e-08
2.6096 -8.00399e-09
2.7025 -3.4519e-09
2.82743 -6.18247e-10
2.98038 2.49939e-11
2.96377 1.7226e-11
2.80993 -8.36349e-10
2.68418 -4.16946e-09
2.59062 -9.19515e-09
2.53283 -1.31533e-08
2.51327 -1.45206e-08
2.53283 -1.31533e-08
2.59062 -9.19515e-09
2.68418 -4.16946e-09
2.80993 -8.36349e-10
2.96377 1.7226e-11
2.98038 2.49939e-11
2.82743 -6.18247e-10
2.7025 -3.4519e-09
2.6096 -8.00399e-09
2.55224 -1.17902e-08
2.53283 -1.31533e-08
2.55224 -1.17902e-08
2.6096 -8.00399e-09
2.7025 -3.4519e-09
2.82743 -6.18247e-10
2.98038 2.49939e-11
2.87932 -2.01451e-10
2.75674 -1.82143e-09
2.66573 -4.98222e-09
2.6096 -8.00399e-09
2.59062 -9.19515e-09
2.6096 -8.00399e-09
2.66573 -4.98222e-09
2.75674 -1.82143e-09
2.87932 -2.01451e-10
2.96377 1.7226e-11
2.84483 -4.43843e-10
2.75674 -1.82143e-09
2.7025 -3.4519e-09
2.68418 -4.16946e-09
2.7025 -3.4519e-09
2.75674 -1.82143e-09
2.84483 -4.43843e-10
2.96377 1.7226e-11
2.96377 1.7226e-11
2.87932 -2.01451e-10
2.82743 -6.18247e-10
2.80993 -8.36349e-10
2.82743 -6.18247e-10
2.87932 -2.01451e-10
2.96377 1.7226e-11
2.98038 2.49939e-11
2.96377 1.7226e-11
2.98038 2.49939e-11
2.99689 2.70374e-11
2.98038 2.49939e-11
2.99689 2.70374e-11
2.96377 1.7226e-11
2.91339 -6.48938e-11
2.89641 -1.22377e-10
2.91339 -6.48938e-11
2.96377 1.7226e-11
2.99689 2.70374e-11
2.91339 -6.48938e-11
2.86213 -3.06847e-10
2.84483 -4.43843e-10
2.86213 -3.06847e-10
2.91339 -6.48938e-11
2.99689 2.70374e-11
2.98038 2.49939e-11
2.89641 -1.22377e-10
2.84483 -4.43843e-10
2.82743 -6.18247e-10
2.84483 -4.43843e-10
2.89641 -1.22377e-10
2.98038 2.49939e-11
2.99689 2.70374e-11
2.91339 -6.48938e-11
2.86213 -3.06847e-10
2.84483 -4.43843e-10
2.86213 -3.06847e-10
2.91339 -6.48938e-11
2.99689 2.70374e-11
2.96377 1.7226e-11
2.91339 -6.48938e-11
2.89641 -1.22377e-10
2.91339 -6.48938e-11
2.96377 1.7226e-11
2.99689 2.70374e-11
2.98038 2.49939e-11
2.99689 2.70374e-11
