10.0
6.9290123457
5.3010625738
4.292543021
3.6064257028
3.1094182826
2.732805843
2.437567861
2.1999020088
2.0044642857
1.8409184092
1.7020470053
1.582657737
1.4789196311
1.3879443586
1.3075131042
1.2358932012
1.1717118998
1.1138675267
1.061465721
1.0137728607
0.97018150389
0.93018437953
0.89335455631
0.85933014354
0.82780235988
0.79850613552
0.7712126417
0.74572330178
0.72186495177
0.69948590123
0.67845270474
0.6586474989
0.63996579247
0.62231462232
0.6056110062
0.58978063838
0.57475678443
0.56047934091
0.54689403167
0.5339517184
0.52160780669
0.50982173271
0.49855651788
0.48777838132
0.47745640153
0.46756222014
0.45806978168
0.44895510449
0.44019607843
0.4317722858
0.42366484242
0.41585625637
0.40833030193
0.4010719071
0.39406705283
0.38730268265
0.38076662144
0.37444750229
0.36833470057
0.36241827428
0.35668891007
0.3511378744
0.34575696904
0.34053849071
0.33547519426
0.33056025915
0.32578725874
0.32115013232
0.31664315938
0.31226093609
0.30799835368
0.3038505786
0.29981303419
0.29588138386
0.29205151555
0.28831952739
0.28468171443
0.28113455638
0.27767470625
0.27429897978
0.27100434573
0.26778791674
0.26464694094
0.26157879406
0.25858097213
0.25565108467
0.25278684833
0.24998608095
0.24724669603
0.24456669753
0.24194417502
0.23937729914
0.23686431737
0.23440354999
0.23199338638
0.22963228149
0.22731875253
0.22505137587
0.22282878412
0.22064966337
0.21851275063
0.21641683135
0.21436073713
0.21234334358
0.21036356822
0.20842036857
0.20651274032
0.2046397156
0.20280036134
0.2009937777
0.19921909664
0.19747548049
0.19576212068
0.19407823644
0.19242307363
0.19079590363
0.18919602225
0.18762274874
0.18607542478
0.18455341362
0.18305609915
0.18158288511
0.18013319425
0.17870646766
0.17730216396
0.17591975865
0.17455874349
0.17321862582
0.17189892803
0.1705991869
0.16931895316
0.16805779092
0.16681527716
0.16559100129
0.16438456469
0.16319558027
0.16202367206
0.16086847479
0.15972963358
0.15860680349
0.15749964922
0.15640784478
0.15533107313
0.15426902594
0.15322140322
0.15218791309
0.1511682715
0.15016220193
0.14916943522
0.14818970923
0.14722276871
0.14626836499
0.14532625583
0.14439620518
0.143477983
0.14257136507
0.14167613278
0.140792073
0.13991897787
0.13905664468
0.13820487565
0.13736347783
0.13653226297
0.1357110473
0.13489965148
0.13409790043
0.13330562318
0.13252265281
0.13174882629
0.13098398436
0.13022797146
0.12948063558
0.12874182819
0.12801140413
0.12728922152
0.12657514166
0.12586902893
0.12517075075
0.12448017743
0.12379718217
0.12312164089
0.12245343224
0.12179243748
0.1211385404
0.12049162731
0.1198515869
0.11921831023
0.11859169066
0.11797162375
0.11735800727
0.11675074107
0.11614972709
0.11555486926
0.11496607349
0.11438324757
0.11380630117
0.11323514577
0.11266969461
0.11210986267
0.1115555666
0.11100672468
0.11046325682
0.10992508446
0.10939213059
0.10886431966
0.10834157759
0.10782383171
0.10731101073
0.10680304472
0.10629986505
0.1058014044
0.10530759669
0.10481837707
0.10433368189
0.10385344868
0.1033776161
0.10290612395
0.1024389131
0.1019759255
0.10151710416
0.10106239308
0.10061173729
0.10016508276
0.099722376457
0.099283566248
0.098848600929
0.098417430187
0.097990004583
0.097566275532
0.097146195288
0.09672971692
0.096316794302
0.095907382092
0.095501435712
0.09509891134
0.094699765887
0.094303956986
0.093911442973
0.093522182879
0.093136136406
0.092753263923
0.092373526447
0.091996885629
0.091623303745
0.091252743679
0.090885168917
0.090520543527
0.090158832152
0.0898
0.089444012829
0.089090836938
0.088740439156
0.088392786834
0.088047847828
0.087705590499
0.087365983694
0.087028996744
0.086694599448
0.08636276207
0.086033455326
0.085706650378
0.085382318824
0.08506043269
0.084740964424
0.084423886883
0.084109173332
0.083796797432
0.083486733233
0.083178955169
0.082873438048
0.082570157049
0.082269087711
0.08197020593
0.081673487949
0.081378910356
0.081086450075
0.080796084359
0.080507790787
0.080221547257
0.07993733198
0.079655123474
0.07937490056
0.079096642356
0.078820328272
0.078545938003
0.078273451528
0.078002849102
0.077734111251
0.077467218772
0.077202152719
0.07693889441
0.076677425415
0.076417727551
0.076159782885
0.075903573723
0.075649082608
0.075396292316
0.075145185855
0.074895746455
0.074647957572
0.074401802877
0.074157266256
0.073914331808
0.073672983838
0.073433206856
0.073194985573
0.072958304898
0.072723149933
0.072489505973
0.072257358503
0.072026693189
0.071797495882
0.071569752614
0.071343449591
0.071118573193
0.070895109974
0.070673046654
0.070452370118
0.070233067418
0.070015125762
0.069798532521
0.069583275218
0.069369341532
0.069156719291
0.068945396474
0.068735361205
0.068526601752
0.068319106526
0.068112864078
0.067907863095
0.067704092403
0.06750154096
0.067300197854
0.067100052305
0.066901093662
0.066703311396
0.066506695106
0.066311234511
0.066116919452
0.065923739887
0.065731685893
0.065540747661
0.065350915495
0.065162179813
0.064974531141
0.064787960117
0.064602457483
0.064418014089
0.064234620887
0.064052268934
0.063870949387
0.063690653503
0.063511372638
0.063333098244
0.06315582187
0.062979535158
0.062804229844
0.062629897756
0.062456530811
0.062284121017
0.062112660469
0.061942141349
0.061772555926
0.061603896549
0.061436155656
0.061269325764
0.061103399472
0.060938369458
0.060774228479
0.06061096937
0.060448585045
0.060287068491
0.06012641277
0.059966611018
0.059807656446
0.059649542333
0.059492262031
0.059335808963
0.059180176618
0.059025358556
0.058871348403
0.058718139851
0.058565726659
0.058414102648
0.058263261705
0.058113197779
0.057963904882
0.057815377088
0.057667608528
0.057520593397
0.057374325947
0.057228800489
0.057084011391
0.056939953078
0.056796620032
0.056654006788
0.056512107939
0.05637091813
0.05623043206
0.05609064448
0.055951550194
0.055813144058
0.055675420976
0.055538375904
0.05540200385
0.055266299866
0.055131259056
0.054996876569
0.054863147605
0.054730067407
0.054597631265
0.054465834516
0.05433467254
0.054204140762
0.054074234651
0.05394494972
0.053816281523
0.053688225658
0.053560777765
0.053433933523
0.053307688655
0.053182038921
0.053056980124
0.052932508105
0.052808618743
0.052685307957
0.052562571703
0.052440405975
0.052318806805
0.05219777026
0.052077292445
0.051957369499
0.051837997599
0.051719172954
0.051600891811
0.051483150448
0.051365945179
0.051249272352
0.051133128345
0.051017509573
0.05090241248
0.050787833543
0.050673769271
0.050560216204
0.050447170914
0.050334630001
0.050222590099
0.050111047868
0.05
