0.1 10.0 0.0
0.144320712695 6.92901234568 0.0
0.18864142539 5.30106257379 0.0
0.232962138085 4.29254302103 0.0
0.27728285078 3.60642570281 0.0
0.321603563474 3.10941828255 0.0
0.365924276169 2.73280584297 0.0
0.410244988864 2.43756786102 0.0
0.454565701559 2.19990200882 0.0
0.498886414254 2.00446428571 0.0
0.543207126949 1.84091840918 0.0
0.587527839644 1.70204700531 0.0
0.631848552339 1.58265773705 0.0
0.676169265033 1.47891963109 0.0
0.720489977728 1.38794435858 0.0
0.764810690423 1.30751310425 0.0
0.809131403118 1.23589320121 0.0
0.853452115813 1.17171189979 0.0
0.897772828508 1.11386752667 0.0
0.942093541203 1.06146572104 0.0
0.986414253898 1.01377286069 0.0
1.03073496659 0.970181503889 0.0
1.07505567929 0.930184379532 0.0
1.11937639198 0.893354556307 0.0
1.16369710468 0.859330143541 0.0
1.20801781737 0.827802359882 0.0
1.25233853007 0.798506135515 0.0
1.29665924276 0.771212641704 0.0
1.34097995546 0.745723301777 0.0
1.38530066815 0.721864951768 0.0
1.42962138085 0.699485901231 0.0
1.47394209354 0.678452704745 0.0
1.51826280624 0.6586474989 0.0
1.56258351893 0.639965792474 0.0
1.60690423163 0.622314622315 0.0
1.65122494432 0.605611006204 0.0
1.69554565702 0.589780638382 0.0
1.73986636971 0.574756784434 0.0
1.78418708241 0.560479340906 0.0
1.8285077951 0.546894031669 0.0
1.8728285078 0.533951718397 0.0
1.91714922049 0.521607806691 0.0
1.96146993318 0.509821732713 0.0
2.00579064588 0.498556517877 0.0
2.05011135857 0.487778381315 0.0
2.09443207127 0.477456401531 0.0
2.13875278396 0.46756222014 0.0
2.18307349666 0.458069781677 0.0
2.22739420935 0.44895510449 0.0
2.27171492205 0.440196078431 0.0
2.31603563474 0.431772285797 0.0
2.36035634744 0.423664842423 0.0
2.40467706013 0.415856256368 0.0
2.44899777283 0.408330301928 0.0
2.49331848552 0.401071907101 0.0
2.53763919822 0.394067052835 0.0
2.58195991091 0.387302682653 0.0
2.62628062361 0.380766621438 0.0
2.6706013363 0.374447502293 0.0
2.714922049 0.368334700574 0.0
2.75924276169 0.362418274276 0.0
2.80356347439 0.356688910073 0.0
2.84788418708 0.351137874404 0.0
2.89220489978 0.345756969044 0.0
2.93652561247 0.340538490709 0.0
2.98084632517 0.335475194262 0.0
3.02516703786 0.330560259147 0.0
3.06948775056 0.325787258743 0.0
3.11380846325 0.321150132322 0.0
3.15812917595 0.316643159379 0.0
3.20244988864 0.312260936087 0.0
3.24677060134 0.307998353684 0.0
3.29109131403 0.303850578602 0.0
3.33541202673 0.299813034188 0.0
3.37973273942 0.295881383855 0.0
3.42405345212 0.292051515546 0.0
3.46837416481 0.288319527387 0.0
3.51269487751 0.284681714431 0.0
3.5570155902 0.281134556383 0.0
3.6013363029 0.277674706246 0.0
3.64565701559 0.274298979779 0.0
3.68997772829 0.271004345727 0.0
3.73429844098 0.267787916741 0.0
3.77861915367 0.264646940941 0.0
3.82293986637 0.261578794058 0.0
3.86726057906 0.258580972126 0.0
3.91158129176 0.255651084667 0.0
3.95590200445 0.252786848328 0.0
4.00022271715 0.249986080953 0.0
4.04454342984 0.247246696035 0.0
4.08886414254 0.244566697533 0.0
4.13318485523 0.241944175019 0.0
4.17750556793 0.239377299142 0.0
4.22182628062 0.236864317367 0.0
4.26614699332 0.234403549987 0.0
4.31046770601 0.23199338638 0.0
4.35478841871 0.229632281491 0.0
4.3991091314 0.227318752531 0.0
4.4434298441 0.225051375871 0.0
4.48775055679 0.222828784119 0.0
4.53207126949 0.220649663374 0.0
4.57639198218 0.218512750633 0.0
4.62071269488 0.216416831349 0.0
4.66503340757 0.214360737134 0.0
4.70935412027 0.21234334358 0.0
4.75367483296 0.210363568216 0.0
4.79799554566 0.208420368565 0.0
4.84231625835 0.206512740318 0.0
4.88663697105 0.204639715601 0.0
4.93095768374 0.202800361337 0.0
4.97527839644 0.200993777698 0.0
5.01959910913 0.199219096637 0.0
5.06391982183 0.197475480494 0.0
5.10824053452 0.195762120684 0.0
5.15256124722 0.194078236438 0.0
5.19688195991 0.192423073626 0.0
5.24120267261 0.190795903625 0.0
5.2855233853 0.189196022248 0.0
5.329844098 0.187622748736 0.0
5.37416481069 0.186075424782 0.0
5.41848552339 0.184553413622 0.0
5.46280623608 0.183056099152 0.0
5.50712694878 0.181582885105 0.0
5.55144766147 0.180133194255 0.0
5.59576837416 0.178706467662 0.0
5.64008908686 0.177302163955 0.0
5.68440979955 0.175919758649 0.0
5.72873051225 0.174558743488 0.0
5.77305122494 0.173218625825 0.0
5.81737193764 0.171898928025 0.0
5.86169265033 0.170599186899 0.0
5.90601336303 0.169318953164 0.0
5.95033407572 0.16805779092 0.0
5.99465478842 0.166815277159 0.0
6.03897550111 0.165591001291 0.0
6.08329621381 0.164384564692 0.0
6.1276169265 0.163195580271 0.0
6.1719376392 0.162023672055 0.0
6.21625835189 0.160868474795 0.0
6.26057906459 0.159729633582 0.0
6.30489977728 0.15860680349 0.0
6.34922048998 0.157499649221 0.0
6.39354120267 0.156407844777 0.0
6.43786191537 0.155331073134 0.0
6.48218262806 0.154269025941 0.0
6.52650334076 0.153221403221 0.0
6.57082405345 0.152187913094 0.0
6.61514476615 0.151168271497 0.0
6.65946547884 0.150162201933 0.0
6.70378619154 0.149169435216 0.0
6.74810690423 0.148189709231 0.0
6.79242761693 0.147222768706 0.0
6.83674832962 0.146268364987 0.0
6.88106904232 0.145326255826 0.0
6.92538975501 0.144396205178 0.0
6.96971046771 0.143477983 0.0
7.0140311804 0.142571365065 0.0
7.0583518931 0.141676132778 0.0
7.10267260579 0.140792072999 0.0
7.14699331849 0.139918977875 0.0
7.19131403118 0.139056644678 0.0
7.23563474388 0.138204875646 0.0
7.27995545657 0.137363477835 0.0
7.32427616927 0.136532262969 0.0
7.36859688196 0.135711047302 0.0
7.41291759465 0.134899651484 0.0
7.45723830735 0.134097900427 0.0
7.50155902004 0.133305623182 0.0
7.54587973274 0.132522652814 0.0
7.59020044543 0.131748826291 0.0
7.63452115813 0.130983984364 0.0
7.67884187082 0.13022797146 0.0
7.72316258352 0.12948063558 0.0
7.76748329621 0.128741828191 0.0
7.81180400891 0.128011404134 0.0
7.8561247216 0.127289221523 0.0
7.9004454343 0.126575141657 0.0
7.94476614699 0.12586902893 0.0
7.98908685969 0.125170750746 0.0
8.03340757238 0.124480177433 0.0
8.07772828508 0.123797182167 0.0
8.12204899777 0.123121640891 0.0
8.16636971047 0.122453432242 0.0
8.21069042316 0.121792437476 0.0
8.25501113586 0.121138540402 0.0
8.29933184855 0.120491627308 0.0
8.34365256125 0.119851586899 0.0
8.38797327394 0.119218310233 0.0
8.43229398664 0.118591690658 0.0
8.47661469933 0.117971623752 0.0
8.52093541203 0.117358007266 0.0
8.56525612472 0.116750741068 0.0
8.60957683742 0.116149727087 0.0
8.65389755011 0.115554869261 0.0
8.69821826281 0.114966073486 0.0
8.7425389755 0.114383247567 0.0
8.7868596882 0.113806301168 0.0
8.83118040089 0.113235145768 0.0
8.87550111359 0.112669694612 0.0
8.91982182628 0.112109862672 0.0
8.96414253898 0.111555566598 0.0
9.00846325167 0.111006724684 0.0
9.05278396437 0.110463256821 0.0
9.09710467706 0.109925084464 0.0
9.14142538976 0.109392130588 0.0
9.18574610245 0.108864319659 0.0
9.23006681514 0.108341577588 0.0
9.27438752784 0.107823831708 0.0
9.31870824053 0.107311010731 0.0
9.36302895323 0.106803044719 0.0
9.40734966592 0.106299865054 0.0
9.45167037862 0.105801404402 0.0
9.49599109131 0.105307596688 0.0
9.54031180401 0.104818377066 0.0
9.5846325167 0.104333681887 0.0
9.6289532294 0.103853448675 0.0
9.67327394209 0.103377616098 0.0
9.71759465479 0.102906123946 0.0
9.76191536748 0.102438913098 0.0
9.80623608018 0.101975925505 0.0
9.85055679287 0.101517104162 0.0
9.89487750557 0.101062393085 0.0
9.93919821826 0.100611737289 0.0
9.98351893096 0.100165082764 0.0
10.0278396437 0.0997223764575 0.0
10.0721603563 0.099283566248 0.0
10.116481069 0.098848600929 0.0
10.1608017817 0.0984174301872 0.0
10.2051224944 0.0979900045831 0.0
10.2494432071 0.0975662755324 0.0
10.2937639198 0.0971461952877 0.0
10.3380846325 0.0967297169202 0.0
10.3824053452 0.0963167943025 0.0
10.4267260579 0.0959073820916 0.0
10.4710467706 0.095501435712 0.0
10.5153674833 0.0950989113399 0.0
10.559688196 0.094699765887 0.0
10.6040089087 0.0943039569856 0.0
10.6483296214 0.0939114429734 0.0
10.6926503341 0.0935221828786 0.0
10.7369710468 0.0931361364061 0.0
10.7812917595 0.0927532639233 0.0
10.8256124722 0.0923735264468 0.0
10.8699331849 0.0919968856288 0.0
10.9142538976 0.0916233037445 0.0
10.9585746102 0.0912527436794 0.0
11.0028953229 0.0908851689169 0.0
11.0472160356 0.0905205435265 0.0
11.0915367483 0.090158832152 0.0
11.135857461 0.0898 0.0
11.1801781737 0.0894440128289 0.0
11.2244988864 0.089090836938 0.0
11.2688195991 0.0887404391565 0.0
11.3131403118 0.0883927868336 0.0
11.3574610245 0.0880478478282 0.0
11.4017817372 0.0877055904989 0.0
11.4461024499 0.0873659836943 0.0
11.4904231626 0.0870289967437 0.0
11.5347438753 0.0866945994478 0.0
11.579064588 0.0863627620696 0.0
11.6233853007 0.0860334553258 0.0
11.6677060134 0.0857066503779 0.0
11.7120267261 0.085382318824 0.0
11.7563474388 0.0850604326905 0.0
11.8006681514 0.0847409644239 0.0
11.8449888641 0.0844238868833 0.0
11.8893095768 0.0841091733323 0.0
11.9336302895 0.083796797432 0.0
11.9779510022 0.0834867332329 0.0
12.0222717149 0.0831789551686 0.0
12.0665924276 0.082873438048 0.0
12.1109131403 0.0825701570488 0.0
12.155233853 0.0822690877109 0.0
12.1995545657 0.0819702059296 0.0
12.2438752784 0.0816734879491 0.0
12.2881959911 0.0813789103563 0.0
12.3325167038 0.0810864500749 0.0
12.3768374165 0.080796084359 0.0
12.4211581292 0.0805077907873 0.0
12.4654788419 0.0802215472575 0.0
12.5097995546 0.0799373319803 0.0
12.5541202673 0.0796551234743 0.0
12.59844098 0.0793749005604 0.0
12.6427616927 0.0790966423563 0.0
12.6870824053 0.0788203282717 0.0
12.731403118 0.0785459380029 0.0
12.7757238307 0.078273451528 0.0
12.8200445434 0.0780028491018 0.0
12.8643652561 0.0777341112515 0.0
12.9086859688 0.0774672187716 0.0
12.9530066815 0.0772021527193 0.0
12.9973273942 0.0769388944104 0.0
13.0416481069 0.0766774254146 0.0
13.0859688196 0.0764177275512 0.0
13.1302895323 0.0761597828853 0.0
13.174610245 0.0759035737228 0.0
13.2189309577 0.0756490826075 0.0
13.2632516704 0.075396292316 0.0
13.3075723831 0.0751451858546 0.0
13.3518930958 0.0748957464554 0.0
13.3962138085 0.074647957572 0.0
13.4405345212 0.0744018028766 0.0
13.4848552339 0.074157266256 0.0
13.5291759465 0.0739143318079 0.0
13.5734966592 0.0736729838379 0.0
13.6178173719 0.0734332068559 0.0
13.6621380846 0.0731949855729 0.0
13.7064587973 0.0729583048975 0.0
13.75077951 0.0727231499328 0.0
13.7951002227 0.0724895059735 0.0
13.8394209354 0.0722573585027 0.0
13.8837416481 0.0720266931887 0.0
13.9280623608 0.0717974958824 0.0
13.9723830735 0.0715697526141 0.0
14.0167037862 0.0713434495908 0.0
14.0610244989 0.0711185731935 0.0
14.1053452116 0.0708951099743 0.0
14.1496659243 0.0706730466537 0.0
14.193986637 0.0704523701182 0.0
14.2383073497 0.0702330674175 0.0
14.2826280624 0.0700151257621 0.0
14.3269487751 0.0697985325208 0.0
14.3712694878 0.0695832752181 0.0
14.4155902004 0.069369341532 0.0
14.4599109131 0.0691567192915 0.0
14.5042316258 0.0689453964744 0.0
14.5485523385 0.0687353612051 0.0
14.5928730512 0.0685266017521 0.0
14.6371937639 0.0683191065261 0.0
14.6815144766 0.0681128640777 0.0
14.7258351893 0.0679078630953 0.0
14.770155902 0.0677040924033 0.0
14.8144766147 0.0675015409595 0.0
14.8587973274 0.0673001978536 0.0
14.9031180401 0.0671000523052 0.0
14.9474387528 0.0669010936615 0.0
14.9917594655 0.066703311396 0.0
15.0360801782 0.0665066951061 0.0
15.0804008909 0.0663112345114 0.0
15.1247216036 0.0661169194522 0.0
15.1690423163 0.0659237398875 0.0
15.213363029 0.0657316858933 0.0
15.2576837416 0.0655407476608 0.0
15.3020044543 0.065350915495 0.0
15.346325167 0.0651621798128 0.0
15.3906458797 0.0649745311415 0.0
15.4349665924 0.0647879601172 0.0
15.4792873051 0.0646024574832 0.0
15.5236080178 0.0644180140888 0.0
15.5679287305 0.064234620887 0.0
15.6122494432 0.0640522689339 0.0
15.6565701559 0.0638709493869 0.0
15.7008908686 0.063690653503 0.0
15.7452115813 0.0635113726378 0.0
15.789532294 0.0633330982439 0.0
15.8338530067 0.0631558218696 0.0
15.8781737194 0.0629795351577 0.0
15.9224944321 0.0628042298439 0.0
15.9668151448 0.0626298977556 0.0
16.0111358575 0.062456530811 0.0
16.0554565702 0.0622841210171 0.0
16.0997772829 0.0621126604692 0.0
16.1440979955 0.0619421413495 0.0
16.1884187082 0.0617725559255 0.0
16.2327394209 0.0616038965494 0.0
16.2770601336 0.0614361556565 0.0
16.3213808463 0.0612693257645 0.0
16.365701559 0.061103399472 0.0
16.4100222717 0.0609383694575 0.0
16.4543429844 0.0607742284786 0.0
16.4986636971 0.0606109693705 0.0
16.5429844098 0.0604485850454 0.0
16.5873051225 0.0602870684909 0.0
16.6316258352 0.0601264127698 0.0
16.6759465479 0.0599666110184 0.0
16.7202672606 0.0598076564456 0.0
16.7645879733 0.0596495423326 0.0
16.808908686 0.059492262031 0.0
16.8532293987 0.0593358089625 0.0
16.8975501114 0.0591801766179 0.0
16.9418708241 0.059025358556 0.0
16.9861915367 0.058871348403 0.0
17.0305122494 0.0587181398512 0.0
17.0748329621 0.0585657266585 0.0
17.1191536748 0.0584141026475 0.0
17.1634743875 0.0582632617046 0.0
17.2077951002 0.058113197779 0.0
17.2521158129 0.0579639048824 0.0
17.2964365256 0.0578153770876 0.0
17.3407572383 0.0576676085281 0.0
17.385077951 0.0575205933973 0.0
17.4293986637 0.0573743259475 0.0
17.4737193764 0.0572288004894 0.0
17.5180400891 0.0570840113914 0.0
17.5623608018 0.0569399530784 0.0
17.6066815145 0.0567966200319 0.0
17.6510022272 0.0566540067884 0.0
17.6953229399 0.0565121079394 0.0
17.7396436526 0.0563709181303 0.0
17.7839643653 0.0562304320601 0.0
17.828285078 0.0560906444803 0.0
17.8726057906 0.0559515501944 0.0
17.9169265033 0.0558131440576 0.0
17.961247216 0.0556754209756 0.0
18.0055679287 0.0555383759045 0.0
18.0498886414 0.0554020038498 0.0
18.0942093541 0.0552662998658 0.0
18.1385300668 0.0551312590555 0.0
18.1828507795 0.0549968765694 0.0
18.2271714922 0.0548631476051 0.0
18.2714922049 0.054730067407 0.0
18.3158129176 0.0545976312654 0.0
18.3601336303 0.0544658345161 0.0
18.404454343 0.0543346725398 0.0
18.4487750557 0.0542041407618 0.0
18.4930957684 0.0540742346509 0.0
18.5374164811 0.0539449497195 0.0
18.5817371938 0.0538162815227 0.0
18.6260579065 0.0536882256579 0.0
18.6703786192 0.0535607777645 0.0
18.7146993318 0.053433933523 0.0
18.7590200445 0.0533076886546 0.0
18.8033407572 0.0531820389212 0.0
18.8476614699 0.0530569801243 0.0
18.8919821826 0.0529325081049 0.0
18.9363028953 0.0528086187429 0.0
18.980623608 0.0526853079568 0.0
19.0249443207 0.0525625717028 0.0
19.0692650334 0.0524404059752 0.0
19.1135857461 0.0523188068049 0.0
19.1579064588 0.0521977702601 0.0
19.2022271715 0.0520772924447 0.0
19.2465478842 0.0519573694991 0.0
19.2908685969 0.0518379975986 0.0
19.3351893096 0.051719172954 0.0
19.3795100223 0.0516008918105 0.0
19.423830735 0.0514831504478 0.0
19.4681514477 0.0513659451792 0.0
19.5124721604 0.0512492723516 0.0
19.5567928731 0.0511331283453 0.0
19.6011135857 0.0510175095729 0.0
19.6454342984 0.0509024124796 0.0
19.6897550111 0.0507878335426 0.0
19.7340757238 0.0506737692707 0.0
19.7783964365 0.050560216204 0.0
19.8227171492 0.0504471709137 0.0
19.8670378619 0.0503346300012 0.0
19.9113585746 0.0502225900987 0.0
19.9556792873 0.0501110478678 0.0
20.0 0.05 0.0
