4999.449562
4880.037643
4763.477565
4649.70122
4538.642125
4430.235386
4324.417659
4221.127111
4120.303387
4021.887575
3925.822166
3832.051029
3740.519369
3651.173704
3563.961827
3478.832777
3395.736812
3314.625376
3235.451075
3158.167645
3082.729927
3009.093842
2937.216362
2867.055488
2798.570223
2731.720549
2666.467405
2602.772661
2540.599099
2479.910391
2420.671073
2362.846532
2306.402978
2251.307432
2197.527698
2145.032352
2093.79072
2043.772861
1994.949547
1947.292251
1900.773124
1855.364985
1811.041301
1767.776171
1725.544317
1684.321059
1644.082312
1604.804561
1566.464857
1529.040796
1492.510511
1456.852657
1422.046396
1388.071393
1354.907793
1322.53622
1290.937756
1260.09394
1229.986747
1200.598585
1171.912283
1143.911079
1116.57861
1089.898905
1063.856375
1038.435803
1013.622335
989.4014715
965.7590601
942.6812858
920.1546638
898.1660312
876.7025395
855.7516472
835.3011122
815.3389847
795.8536003
776.8335734
758.2677901
740.145402
722.4558196
705.1887067
688.3339736
671.8817717
655.8224876
640.1467375
624.8453616
609.9094191
595.3301825
581.0991328
567.2079546
553.6485307
540.4129383
527.4934433
514.8824967
502.5727295
490.5569489
478.8281338
467.3794308
456.2041501
445.2957617
434.6478917
424.2543182
414.108968
404.2059129
394.5393664
385.1036801
375.8933404
366.9029656
358.1273024
349.561223
341.199722
333.0379135
325.0710285
317.2944117
309.703519
302.293915
295.0612699
288.0013577
281.110053
274.3833291
267.8172554
261.4079952
255.1518034
249.0450243
243.0840897
237.2655165
231.5859046
226.0419355
220.6303695
215.3480446
210.1918742
205.1588455
200.2460175
195.4505196
190.7695496
186.2003723
181.7403178
177.3867801
173.1372153
168.9891402
164.940131
160.9878218
157.1299032
153.3641209
149.6882744
146.100216
142.5978489
139.1791267
135.8420518
132.5846741
129.4050904
126.3014428
123.2719177
120.3147448
117.4281963
114.6105855
111.860266
109.1756306
106.5551108
103.9971752
101.5003293
99.06311394
96.68410515
94.36191278
92.09517991
89.88258205
87.72282631
85.61465071
83.55682338
81.54814189
79.58743253
77.6735496
75.80537479
73.98181646
72.20180908
70.46431255
68.7683116
67.11281523
65.49685608
63.91948993
62.37979508
60.87687184
59.40984203
57.97784843
56.58005429
55.21564285
53.88381685
52.58379808
51.3148269
50.07616184
48.86707911
47.68687221
46.53485152
45.4103439
44.31269227
43.24125525
42.19540677
41.17453572
40.17804559
39.2053541
38.2558929
37.32910718
36.42445542
35.54140899
34.67945194
33.83808058
33.0168033
32.2151402
31.43262286
30.66879404
29.92320742
29.19542734
28.48502854
27.79159592
27.1147243
26.45401818
25.80909149
25.17956739
24.56507804
23.96526438
23.37977595
22.80827061
22.25041445
21.7058815
21.17435358
20.65552011
20.14907794
19.65473114
19.17219087
18.70117518
18.24140885
17.79262324
17.35455612
16.92695153
16.50955962
16.10213651
15.70444415
15.31625017
14.93732775
14.56745549
14.20641729
13.85400219
13.51000429
13.17422259
12.84646092
12.52652776
12.21423621
11.90940379
11.61185241
11.32140823
11.03790155
10.76116675
10.49104214
10.22736991
9.969996029
9.718770131
9.473545451
9.234178734
9.000530145
8.772463197
8.549844664
8.332544504
8.120435786
7.913394617
7.711300063
7.514034085
7.321481468
7.133529754
6.950069174
6.770992587
6.596195419
6.425575597
6.259033491
6.096471861
5.937795793
5.782912648
5.631732009
5.484165624
5.340127358
5.199533143
5.062300927
4.928350627
4.797604085
4.669985017
4.545418976
4.423833302
4.305157084
4.189321116
4.076257861
3.965901407
3.858187432
3.753053165
3.650437353
3.55028022
3.452523437
3.357110087
3.263984632
3.173092881
3.084381958
2.997800272
2.913297489
2.830824502
2.750333402
2.67177745
2.595111054
2.520289739
2.447270123
2.376009893
2.30646778
2.238603535
2.17237791
2.107752629
2.044690372
1.983154753
1.923110297
1.864522424
1.807357424
1.751582445
1.697165468
1.644075295
1.592281527
1.54175455
1.492465517
1.444386332
1.397489637
1.351748794
1.307137871
1.26363163
1.221205508
1.179835609
1.139498688
1.100172138
1.061833979
1.024462842
0.9880379632
0.9525391678
0.9179468595
0.8842420099
0.851406147
0.8194213445
0.788270211
0.7579358795
0.7284019976
0.6996527158
0.6716726781
0.6444470109
0.617961313
0.5922016447
0.5671545178
0.542806884
0.5191461244
0.4961600375
0.4738368276
0.4521650926
0.4311338129
0.4107323366
0.3909503664
0.3717779454
0.3532054424
0.3352235361
0.3178231987
0.300995678
0.2847324788
0.2690253451
0.2538662381
0.2392473149
0.225160906
0.2115994913
0.198555675
0.1860221587
0.1739917138
0.1624571534
0.151411301
0.1408469599
0.130756881
0.1211337297
0.1119700514
0.103258238
0.09499049298
0.0871587961
0.07975487
0.07277014606
0.06619573199
0.06002238138
0.05424046476
0.04883994398
0.04381034992
0.03914076393
0.03481980462
0.03083561978
0.02717588459
0.02382780722
0.02077814157
0.01801320899
0.01551892836
0.01328085629
0.01128423608
0.009514057665
0.007955125602
0.006592138214
0.005409773121
0.004392782165
0.003526090828
0.002794904035
0.002184812512
0.001681902102
0.001272857331
0.0009450678348
0.0006867069337
0.0004868467599
0.000335457204
0.0002235696356
0.0001431560361
8.724557364e-05
5.002964689e-05
2.628094261e-05
1.21542749e-05
4.863532394e-06
4.172162531e-07
0.0
0.0
0.0
0.0
0.0
0.0
0.0
0.0
0.0
0.0
0.0
0.0
0.0
0.0
0.0
0.0
0.0
0.0
0.0
0.0
0.0
0.0
0.0
0.0
0.0
0.0
0.0
0.0
0.0
0.0
